0.243641731
0.244299626
0.245938618
0.297051950
0.247918190
0.245364961
0.244687635
0.250835502
0.247962176
0.254323665
0.255208944
0.249901213
0.247251743
0.245466048
0.243419376
0.243659493
0.253917501
0.244427433
0.245975116
0.247848866
0.245732252
0.244630225
0.243237921
0.243950561
0.244582677
0.246173739
0.246200278
0.255832515
0.249574619
0.245412305
0.247565211
0.245549432
0.244496781
0.245019513
0.246491960
0.249108286
0.248109452
0.250193731
0.243670093
0.248228639
0.244564240
0.246547309
0.250948092
0.252838115
0.249630150
0.246271640
0.254028403
0.244191446
0.254919426
0.256727804
0.245716581
0.258024890
0.254902891
0.244231209
0.243833568
0.252470142
0.243653040
0.255471171
0.248190768
0.245472708
0.254772249
0.247051344
0.243429016
0.249260988
0.249290429
0.248136395
0.246134641
0.259275747
0.246997966
0.247017146
0.245919893
0.244351084
0.259620902
0.246482829
0.256795249
0.243888459
0.253473827
0.257001101
0.251767724
0.243977176
0.247695388
0.244628859
0.246167198
0.250155094
0.250842826
0.243835399
0.244680123
0.249314649
0.247129791
0.244049155
0.246485272
0.244367126
0.247878504
0.244497133
0.248308003
0.243791507
0.244166469
0.247450351
0.245814850
0.247183674
0.258062508
0.246015966
0.249115595
0.244254590
0.246099977
0.247309033
0.248493901
0.248000111
0.245551831
0.246773491
0.243922213
0.244162430
0.245142878
0.244980082
0.243846056
0.246979311
0.245643880
0.246657608
0.248504503
0.244421284
0.244214429
0.246340435
0.243923128
0.249894335
0.244806889
0.246794437
0.243908671
0.245428294
0.247011617
0.244254953
0.244093239
0.244829214
0.244447939
0.245029875
0.245827570
0.246302144
0.244916878
0.244232535
0.251891393
0.252681922
0.245109093
0.252982812
0.254433258
0.243908450
0.252807120
0.244187224
0.247279076
0.244708653
0.247517971
0.251590112
0.249635043
0.249771118
0.245742943
0.244631134
0.251612696
0.250514034
0.247221115
0.247181093
0.244781770
0.243909309
0.245782163
0.246099948
0.244100290
0.244628219
0.245414932
0.245525982
0.249470732
0.251549180
0.255402476
0.247447511
0.248262246
0.244199679
0.247233711
0.248651861
0.244898529
0.247584491
0.244597271
0.248891705
0.244218252
0.248160408
0.244355140
0.243728569
0.256081077
0.244614984
0.247296445
0.246474962
0.246039449
0.244030343
0.245934173
0.243521711
0.248570966
0.247247314
0.249848083
0.244799537
0.247216245
0.249213714
0.246505947
0.244987848
0.245976702
0.244287235
0.244541467
0.243592730
0.243538109
0.245993502
0.244740403
0.244221247
0.247989026
0.245352305
0.244334364
0.247124676
0.245157844
0.249466266
0.244610854
0.244842815
0.246128158
0.244375178
0.244743157
0.250986207
0.249074335
0.251892622
0.245027952
0.244307480
0.245869634
0.249414468
0.256585621
0.248844313
0.248856855
0.249140102
0.248623418
0.245926168
0.244705493
0.246775237
0.244024372
0.246985181
0.244647932
0.245300774
0.244787539
0.246411151
0.245766559
0.246885770
0.251644875
0.248577609
0.245243524
0.246943069
0.247133095
0.244545531
0.246004570
0.248049345
0.244502667
0.244869047
0.287250530
0.245445340
0.244034801
0.244094866
0.246861237
0.244777490
0.249185462
0.244526132
0.244120486
0.244970208
0.246670757
0.247342021
0.245124117
0.245042674
0.244205657
0.245077689
0.251030023
0.244775105
0.244543044
0.245800657
0.246658399
0.245371144
0.246400620
0.244625291
0.244243805
0.244816264
0.244201974
0.245312740
0.247330563
0.244785858
0.243866221
0.245107905
0.243999294
0.244208052
0.243725094
0.244959167
0.244571918
0.245074809
0.243979529
0.245346104
0.244247828
0.245519039
0.244076294
0.244480044
0.244660725
0.245220443
0.253808872
0.245135546
0.246490347
0.246006431
0.245410242
0.244531861
0.245313948
0.244148510
0.248529846
0.248957368
0.245207080
0.246637988
0.251658046
0.244339871
0.245752629
0.245105542
0.244105532
0.244418143
0.245468572
0.245299675
0.245273479
0.245140379
0.244662941
0.244016330
0.244269859
0.247538362
0.249384021
0.244900705
0.243970108
0.245311429
0.246191782
0.245590004
0.248025582
0.245960148
0.246449021
0.245675848
0.244520100
0.244473296
0.243696889
0.244844705
0.243991398
0.246361093
0.244384316
0.247433409
0.246217247
0.244049094
0.244817082
0.246785270
0.245142500
0.244207117
0.244139411
0.246958568
0.243784938
0.247078386
0.244148972
0.246645642
0.243938650
0.246551512
0.244772893
0.245302295
0.246636871
0.244402164
0.244277559
0.245990881
0.243684138
0.246206402
0.244506682
0.248178791
0.246408445
0.249738292
0.246264760
0.246405057
0.244111857
0.244335255
0.245069503
0.244992866
0.243912295
0.245337138
0.259291101
0.251841012
0.248497045
0.244315858
0.246217749
0.244119980
0.246502538
0.247245255
0.248695134
0.244043321
0.244778797
0.248653665
0.243910091
0.247710504
0.246292152
0.247099894
0.245339896
0.244302782
0.245898824
0.245409811
0.246087321
0.246518460
0.244708530
0.244103681
0.247103884
0.247446132
0.244476327
0.244233735
0.244775822
0.245641572
0.247003011
0.244882820
0.243966862
0.245305382
0.256685705
0.245107429
0.243966058
0.247229458
0.244382299
0.246603082
0.245161809
0.246676537
0.247382790
0.244873234
0.246771234
0.245818524
0.244430450
0.252323018
0.248993688
0.245792000
0.246400652
0.256023067
0.256315389
0.247470352
0.248855313
0.245367839
0.246341252
0.246425233
0.245073502
0.244515579
0.244655361
0.244981009
0.247410610
0.244625032
0.244097659
0.246331850
0.245733705
0.243596091
0.246879571
0.245157159
0.244591296
0.247311134
0.247416323
0.245152810
0.252785229
0.245826820
0.252268107
0.247700661
0.248150750
0.244622895
0.248344952
0.243511046
0.255855409
0.244248883
0.256718434
0.252645458
0.255866816
0.243573389
0.245642085
0.251714177
0.251408139
0.250192576
0.244763081
0.246236596
0.248270385
0.248266132
0.244537120
0.244969202
0.245141833
0.246814747
0.248808069
0.247055651
0.245983661
0.244172533
0.244243265
0.245055976
0.248924787
0.247991960
0.245109418
0.247757346
0.248593934
0.244774199
0.245553518
0.246702025
0.245372930
0.244250354
0.245358066
0.246452296
0.244633277
0.247189636
0.245660128
0.254676621
0.245324033
0.248683571
0.245630986
0.247212766
0.248006476
0.244350265
0.244971921
0.249561857
0.246926447
0.246631673
0.248704742
0.243574696
0.253465472
0.255840751
0.246906291
0.243977229
0.245186719
0.249691790
0.253749390
0.246328366
0.245163962
0.255354051
0.254784925
0.249019456
0.244082793
0.244003053
0.245719763
0.243706396
0.244865103
0.248772342
0.246680781
0.260643358
0.248483260
0.249803055
0.256702444
0.245338014
0.247526473
0.244513029
0.257943468
0.244123316
0.246053512
0.247125596
0.260878743
0.245088977
0.251077576
0.244370958
0.243995416
0.244740990
0.244497365
0.245221223
0.250463235
0.245394834
0.246577825
0.244531158
0.245167640
0.246774131
0.243886463
0.248037795
0.247412848
0.246984616
0.244319043
0.247476075
0.243930019
0.244715159
0.249283617
0.249053502
0.245307386
0.245987866
0.246378836
0.244787846
0.244735379
0.252866908
0.253779288
0.244825533
0.246228999
0.244236095
0.248817061
0.246857662
0.252704361
0.256972552
0.252909831
0.245339951
0.253250178
0.244349821
0.247938265
0.243872502
0.244007160
0.244870785
0.254409436
0.247390385
0.246942362
0.250290362
0.247704517
0.245713297
0.246440341
0.244428184
0.244175332
0.246895293
0.244140779
0.244271724
0.251449376
0.254419573
0.249494179
0.248857541
0.253405060
0.248339272
0.243940965
0.246016877
0.246385816
0.246230826
0.246770049
0.244813227
0.243960983
0.246177135
0.246153384
0.246518701
0.244033992
0.244789828
0.248892821
0.249945650
0.247463156
0.244246236
0.248126971
0.246874120
0.246230334
0.247898948
0.244929468
0.244631270
0.244632571
0.244691735
0.244173118
0.246462435
0.246524970
0.246823449
0.244863962
0.245113647
0.254898662
0.249527350
0.248483113
0.255269585
0.247900869
0.246210694
0.244206593
0.244433582
0.244672944
0.247945028
0.247655381
0.243978462
0.245167444
0.249696309
0.246137482
0.245078906
0.244662584
0.246811043
0.246541873
0.246160268
0.244709910
0.245908054
0.246442850
0.252694884
0.246663107
0.244789327
0.244823361
0.247124668
0.248884002
0.247818277
0.255775869
0.256326902
0.246684297
0.248183997
0.245127587
0.246093208
0.244806595
0.246542432
0.244289840
0.254864571
0.250264602
0.246821220
0.246818422
0.244512336
0.246129862
0.248420984
0.244188018
0.246127738
0.247358754
0.243812464
0.253617191
0.251698090
0.255894539
0.248161941
0.258741865
0.245880714
0.248530704
0.248106613
0.245266881
0.245851291
0.249018800
0.245675895
0.250176097
0.244121390
0.252144263
0.245143796
0.244345313
0.244466274
0.245205944
0.248506216
0.254515482
0.252300000
0.256893374
0.244544689
0.249578922
0.245935187
0.244487394
0.243731688
0.245078105
0.245651075
0.245739824
0.244688616
0.244980257
0.243983241
0.244407993
0.246970081
0.245820798
0.245424063
0.248271482
0.245118957
0.247166098
0.253758473
0.252789191
0.244838929
0.245419163
0.247016948
0.248652773
0.245523691
0.246174112
0.246415413
0.244567002
0.244175827
0.245355570
0.244820413
0.245593419
0.244856085
0.244109261
0.246186351
0.245004301
0.243885484
0.246469534
0.246895235
0.249415865
0.243859601
0.246945213
0.247832132
0.246989165
0.299436780
0.244775595
0.248523491
0.244424517
0.243958658
0.246072361
0.244875982
0.244312973
0.248119317
0.246445381
0.245329261
0.244644008
0.244215465
0.251965196
0.251599683
0.248891062
0.244475610
0.244577395
0.244365028
0.244861745
0.246513351
0.244428702
0.247429539
0.244894077
0.246274907
0.247251826
0.247237907
0.244516412
0.244683229
0.244168028
0.244190256
0.244035381
0.244516110
0.245577324
0.246640828
0.258678331
0.257748003
0.251292472
0.247287582
0.246236280
0.256898946
0.247138316
0.254173003
0.254168699
0.255062681
0.248313314
0.248492813
0.248822747
0.245435953
0.249182300
0.245132745
0.244562531
0.245908033
0.253706090
0.244047909
0.255789446
0.254855665
0.249531898
0.254241085
0.247988352
0.244389672
0.255752452
0.244562880
0.256037470
0.251185063
0.246298098
0.247245992
0.247451275
0.254827672
0.251754271
0.256256310
0.260579854
0.254618809
0.255314173
0.244083814
0.255076723
0.254740731
0.247649507
0.256586145
0.258320255
0.257796433
0.249076324
0.246205537
0.245996586
0.254358114
0.247255201
0.265840148
0.246693161
0.253659516
0.249623452
0.249238719
0.254753146
0.253231036
0.255617601
0.254633629
0.256970004
0.252397084
0.255603807
0.250556733
0.256923239
0.251253450
0.246568692
0.245931953
0.245760108
0.246197803
0.248406845
0.252353132
0.246480625
0.249283411
0.249271934
0.246684831
0.248605585
0.248105750
0.244812076
0.251231684
0.246601125
0.249302883
0.245453536
0.244550540
0.245319136
0.245599253
0.247208899
0.245505924
0.247159954
0.246373852
0.256288777
0.243980000
0.248801373
0.244319179
0.245233897
0.244258893
0.243570776
0.245782676
0.244508583
0.245753030
0.245606968
0.246521246
0.243863312
0.247108382
0.246345264
0.244293332
0.244548153
0.248255242
0.243653840
0.244861620
0.249361790
0.246140256
0.245859825
0.244033665
0.248529104
0.250480246
0.253709585
0.257840973
0.247355526
0.247864291
0.248223027
0.254221404
0.249489086
0.245807347
0.250361823
0.250342375
0.248517098
0.243581459
0.254322451
0.245634387
0.252250558
0.250718698
0.254574954
0.247948525
0.253337499
0.248994900
0.254105287
0.257928899
0.247744781
0.244079961
0.255705072
0.250838710
0.257425267
0.246363116
0.257282413
0.244372413
0.245209134
0.247882451
0.252426797
0.249079335
0.248494714
0.245619742
0.244634530
0.258129433
0.257195987
0.244486688
0.255454112
0.246248670
0.244188925
0.255449096
0.257629712
0.255166646
0.244644604
0.244756182
0.247259488
0.252287550
0.246659555
0.246369492
0.243888048
0.243842129
0.244084285
0.244979868
0.255683146
0.255005549
0.245245942
0.243761342
0.254051888
0.244960055
0.249288896
0.248274185
0.245405986
0.250851391
0.246223839
0.247685702
0.249252792
0.257428755
0.243879575
0.246836114
0.248801449
0.256643818
0.247521772
0.244352966
0.246582077
0.255344694
0.246996550
0.254062366
0.246911627
0.246628071
0.257379064
0.248379601
0.243917940
0.247926278
0.253270935
0.255064771
0.250237170
0.249884957
0.243765086
0.244003078
0.244744808
0.246890861
0.249842009
0.255505337
0.247430186
0.248434567
0.256684475
0.245170955
0.615269532
0.626972323
0.615104652
0.613721410
0.614421871
0.626629254
0.631224980
0.612876394
0.621977824
0.627217166
0.627181311
0.616018794
0.617091652
0.615635974
0.615668106
0.668941657
0.614968711
0.616074689
0.614874076
0.628753970
0.615373519
0.618823703
0.619870382
0.617962831
0.621112985
0.615079321
0.619445503
0.615537281
0.612562085
0.616918225
0.619905228
0.612569410
0.616909914
0.618304047
0.613314957
0.612787350
0.614241921
0.616146457
0.613008683
0.653082892
0.618395832
0.615437471
0.616393626
0.620978717
0.615601293
0.627683164
0.615368362
0.619315034
0.613228491
0.617501659
0.624087314
0.629874785
0.625673618
0.615445802
0.625337390
0.625924674
0.615996634
0.611735629
0.629230669
0.614716395
0.614789141
0.627017446
0.614472215
0.631380480
0.614647795
0.613926657
0.619219961
0.624109547
0.616317069
0.617688163
0.627939198
0.635717361
0.616564173
0.617174433
0.624687947
0.615565757
0.626512234
0.628674698
0.616050137
0.615601823
0.632240555
0.615417698
0.624535001
0.613295025
0.625707329
0.627810073
0.631500168
0.626748652
0.624737437
0.621298191
0.626982600
0.619470454
0.630670488
0.614878270
0.616193166
0.619431548
0.626033348
0.615696002
0.618860780
0.619734041
0.614781010
0.619721039
0.615204860
0.618294053
0.615553466
0.623050189
0.616235046
0.622881318
0.614974793
0.613545356
0.615813179
0.617367211
0.626123519
0.617558117
0.616975835
0.621056304
0.614016320
0.612247155
0.618066948
0.619697677
0.612911826
0.615737208
0.613714540
0.619514487
0.613265176
0.616399484
0.619358286
0.615209764
0.615789931
0.619505229
0.613917021
0.617359095
0.625207438
0.613126553
0.616615528
0.627336651
0.625152307
0.619137714
0.623754303
0.617758535
0.616230412
0.615622972
0.619009845
0.614220837
0.620259934
0.614386209
0.623482037
0.618289498
0.620199492
0.614698184
0.629237806
0.622790123
0.626964951
0.617724910
0.625496205
0.613263991
0.625685885
0.625656231
0.618868313
0.627087115
0.623650054
0.615045214
0.621967035
0.626754773
0.614401143
0.613482902
0.616947529
0.617964953
0.613579989
0.618962645
0.612516849
0.616501767
0.614576133
0.612058759
0.613673868
0.613603609
0.616492068
0.613868423
0.618517060
0.613562389
0.614328168
0.618112774
0.612936719
0.612903936
0.614069837
0.614407204
0.614390627
0.616840411
0.614811265
0.626580311
0.619512453
0.621252355
0.619311016
0.626072464
0.612799461
0.618564043
0.612478706
0.615679179
0.626567883
0.623214081
0.627487747
0.614539940
0.620285348
0.632047028
0.615254978
0.628725413
0.624336138
0.626008899
0.616581009
0.614851264
0.631360109
0.615577036
0.621647543
0.630464142
0.624390547
0.620802883
0.623668897
0.616348734
0.624470242
0.629188298
0.614218573
0.624151466
0.616816084
0.617976529
0.620540723
0.624078389
0.630250883
0.616129705
0.623193082
0.624986799
0.629887478
0.613700792
0.613238252
0.615738557
0.622982762
0.630530148
0.618718253
0.613393354
0.617882865
0.613527202
0.616386457
0.629226100
0.621243177
0.617266307
0.619210580
0.618667700
0.612363980
0.618546783
0.626663354
0.615720554
0.619003913
0.613369039
0.613354741
0.622877623
0.625703894
0.612856629
0.618816002
0.622370453
0.623310890
0.614007834
0.612367417
0.614944331
0.618733930
0.624296463
0.616081935
0.618980527
0.623830621
0.617565969
0.615299274
0.615043537
0.615287015
0.615421549
0.625246320
0.622543532
0.613699785
0.619605051
0.624133122
0.616041855
0.613311114
0.623742177
0.615144155
0.626973078
0.625277378
0.612674743
0.623310992
0.618483259
0.626324878
0.622853825
0.615483986
0.621252194
0.614013908
0.616247924
0.626747502
0.613355607
0.617608065
0.627586472
0.631354738
0.616392955
0.632408949
0.612784122
0.623763668
0.618540126
0.613411788
0.615321065
0.619527446
0.614539635
0.624694972
0.621027274
0.625694979
0.618859826
0.624016949
0.617895134
0.632081453
0.614668084
0.612469391
0.619646917
0.618118549
0.619424409
0.627378326
0.613021833
0.615220590
0.613386911
0.627181548
0.616077188
0.613413450
0.618843585
0.628038529
0.685962176
0.613235058
0.616362196
0.613004096
0.617958670
0.625872823
0.615216788
0.621765324
0.618470427
0.613454427
0.627297135
0.631144402
0.632225277
0.614226900
0.614033610
0.620975295
0.616733136
0.631673419
0.617146002
0.631242919
0.625783158
0.616192504
0.618968896
0.625192457
0.614418239
0.613813389
0.613739327
0.624159376
0.619729744
0.626345483
0.622469438
0.619871783
0.622034417
0.625138375
0.616880273
0.623935667
0.627320027
0.613392506
0.623903515
0.626955718
0.627482266
0.627673688
0.620647886
0.617322044
0.618961050
0.625048014
0.626033538
0.619658659
0.627835555
0.620704703
0.624444722
0.620238768
0.639215344
0.622947570
0.621486303
0.630762861
0.625020940
0.631092342
0.623576529
0.619728011
0.628314476
0.626413990
0.626313475
0.626978850
0.626074119
0.629293979
0.630017034
0.626778807
0.630159647
0.621689826
0.624508886
0.628956161
0.624303332
0.621042111
0.623335726
0.618723740
0.615562649
0.617250170
0.612741811
0.625002554
0.614950282
0.619885401
0.614254954
0.622901041
0.618502220
0.630627351
0.613841768
0.614927833
0.618444501
0.615671335
0.614253629
0.625195070
0.614503842
0.613971296
0.625396532
0.622558105
0.625343996
0.630692616
0.625450367
0.615320558
0.619199968
0.629239406
0.624204197
0.619748657
0.613362934
0.613205059
0.624616134
0.630871168
0.618470030
0.630610742
0.615963965
0.624386669
0.616809828
0.633767434
0.619286085
0.614768599
0.615250847
0.627223124
0.618326807
0.616642165
0.621971380
0.619843441
0.619795709
0.613756189
0.617404750
0.619374825
0.618215024
0.624314403
0.620985902
0.616606471
0.620440094
0.623516723
0.627429021
0.629244921
0.616305915
0.623971783
0.628509186
0.631679784
0.621381661
0.620885634
0.622957266
0.651851540
0.614477046
0.624131986
0.622246598
0.623401811
0.614189181
0.630769415
0.623617195
0.624890512
0.619191177
0.620772756
0.628955289
0.632458346
0.613894957
0.624210697
0.612952310
0.624674485
0.623913783
0.625310481
0.624898636
0.636427406
0.626155508
0.624579243
0.616150426
0.618191660
0.625239127
0.617779379
0.625781118
0.623889109
0.631542164
0.623196468
0.619957320
0.615764805
0.616258143
0.618350092
0.630570549
0.613519417
0.628161893
0.614218711
0.614661303
0.620945184
0.615175164
0.618865860
0.614856263
0.625215485
0.615982236
0.617360826
0.623509143
0.619549230
0.623998666
0.618070339
0.623813709
0.615902868
0.612509566
0.616073363
0.613597824
0.616562048
0.615772458
0.623064708
0.625859295
0.620073770
0.613722472
0.618670064
0.626082132
0.625468243
0.626419749
0.615346581
0.629530759
0.614194089
0.623702341
0.627740440
0.625563749
0.622865890
0.628189256
0.616817567
0.614907172
0.615096457
0.618787305
0.613910950
0.614521977
0.613399223
0.616623935
0.624510982
0.622730597
0.617304832
0.619365635
0.619088695
0.622436713
0.624219120
0.625602208
0.625275769
0.625036893
0.626740068
0.626774113
0.628473336
0.619012276
0.618814565
0.630954798
0.620936181
0.613896028
0.623013859
0.612324920
0.618288404
0.623598918
0.615378118
0.613097766
0.615632680
0.616552636
0.612885368
0.616446830
0.620178997
0.616792414
0.620015308
0.614460097
0.615165752
0.614302518
0.612932889
0.613913039
0.620361945
0.615750626
0.619695797
0.630405871
0.620119590
0.617413998
0.624731299
0.615119182
0.618891047
0.614600107
0.616429457
0.627731604
0.622258288
0.614755554
0.615056702
0.613146685
0.617520271
0.618847808
0.612641784
0.629845840
0.628033643
0.626593436
0.621243408
0.615944376
0.619826415
0.615666318
0.617192201
0.614987378
0.619614878
0.613741264
0.614614547
0.614289716
0.618304196
0.624860168
0.614459905
0.625603228
0.615521082
0.612926641
0.613093115
0.614564947
0.620065401
0.620227520
0.617909646
0.616909459
0.622961516
0.615698213
0.621282918
0.619430185
0.617982717
0.620704797
0.612742243
0.614744831
0.627342384
0.622047435
0.624464024
0.626782060
0.629257798
0.621222652
0.627207257
0.624267350
0.614198368
0.620380763
0.619510177
0.615162070
0.616298625
0.617671813
0.620003374
0.618697028
0.614486101
0.624053741
0.613487679
0.615895679
0.622198309
0.618209441
0.625299298
0.623005339
0.615135815
0.616480553
0.615445153
0.614498557
0.619294429
0.624219711
0.618080409
0.618161095
0.619308509
0.613235465
0.616263245
0.622436267
0.629373203
0.615206170
0.618606666
0.616515198
0.615215742
0.614041052
0.617379271
0.625966848
0.619144991
0.614851182
0.613005723
0.618836104
0.619670563
0.616440194
0.614258950
0.628864433
0.619783778
0.613500051
0.624810883
0.623032283
0.624379566
0.624109387
0.615884990
0.624757011
0.620984771
0.618741639
0.626885860
0.613033297
0.619025378
0.615954947
0.613240080
0.618709995
0.615453350
0.618701391
0.614575985
0.619507910
0.627107862
0.618082694
0.631601133
0.613809291
0.628045623
0.627647598
0.619669373
0.623453440
0.630776639
0.624460266
0.615233465
0.629833146
0.614521978
0.620249868
0.628369531
0.613865652
0.614902438
0.615128835
0.618656637
0.614811071
0.615951231
0.619995137
0.615447756
0.615797237
0.619134468
0.614692728
0.614383060
0.619333408
0.614214671
0.623610429
0.620908100
0.619002888
0.612903636
0.623637331
0.615113571
0.624205723
0.617242498
0.618935665
0.631094364
0.633870971
0.619703426
0.612411389
0.616171831
0.613614787
0.612665797
0.619894193
0.621447460
0.614840697
0.616895962
0.613415636
0.614287637
0.623262624
0.613051374
0.612829599
0.615743088
0.619010111
0.623389040
0.618381279
0.623180862
0.614509231
0.615347241
0.625613952
0.613300814
0.624233749
0.617682803
0.612610163
0.615128397
0.632128006
0.618106339
0.626854381
0.625269016
0.615095529
0.619547404
0.612851909
0.623127655
0.612578279
0.613281955
0.614566945
0.613652787
0.611852905
0.612377131
0.615079929
0.617507894
0.616242887
0.618513722
0.613462358
0.614902239
0.617954909
0.613322021
0.615376128
0.616623915
0.618287103
0.618180749
0.615110151
0.626737851
0.617416363
0.683441663
0.614845426
0.616628173
0.624569417
0.613176554
0.617708207
0.618778709
0.615936274
0.619522487
0.615592589
0.628495071
0.618889515
0.612988493
0.615320947
0.614108196
0.612958883
0.617766864
0.613289866
0.616658326
0.631197813
0.623692214
0.613578922
0.624833273
0.616084675
0.619270438
0.613732567
0.615350596
0.621799117
0.622166103
0.620276026
0.621841903
0.618070088
0.616769370
0.615623301
0.614924213
0.615244670
0.619988629
0.626417392
0.616376669
0.613254008
0.616146794
0.613161669
0.613041113
0.625765555
0.615153229
0.611784059
0.612829992
0.614097733
0.620800905
0.614286479
0.613318709
0.615138752
0.617776442
0.619089144
0.614111374
0.612911370
0.625644149
0.614590831
0.628638242
0.613456834
0.617865962
0.631160032
0.621724568
0.612661137
0.616350174
0.625395343
0.614883772
0.627945049
0.621895756
0.628646900
0.616612200
0.624005573
0.619728567
0.614116972
0.614797543
0.617420753
0.621668421
0.616208614
0.614688010
0.624218067
0.615419576
0.619025591
0.613277789
0.617590243
0.622300171
0.624508216
0.618238682
0.617242988
0.615316513
0.616934774
0.612590981
0.615704647
0.629671302
0.616599003
0.620656202
0.614562250
0.613016149
0.612938435
0.618332257
0.621841670
0.624222918
0.628242360
0.628071481
0.617959779
0.616919126
0.617485507
0.612749449
0.616469170
0.616533024
0.620284968
0.613335913
0.626382166
0.624840380
0.620334838
0.631442090
0.624889911
0.619515271
0.617962724
0.619247876
0.631726449
0.618237525
0.627167877
0.626149915
0.619232904
0.613622914
0.614010965
0.616806904
0.613136400
0.618847291
0.613729075
0.625555800
0.625209036
0.617844518
0.627031229
0.620725211
0.614290072
0.615900148
0.614352728
0.617304548
0.614775087
0.617379894
0.618556034
0.616311163
0.618531185
0.629809838
0.622298751
0.626668114
0.627126788
0.624600219
0.631510760
0.617187148
0.622237545
0.632622745
0.628116119
0.621956221
0.617736055
0.622710785
0.615117784
0.614999422
0.612470600
0.620197936
0.620321673
0.615049401
0.620613432
0.615501879
0.618863274
0.614326933
0.619946950
0.613743829
0.615885982
0.614782450
0.619683850
0.614372468
0.614380277
0.613766929
0.614534080
0.623037917
0.614102669
0.618807767
0.616222055
0.618970947
0.625819147
0.620529975
0.618631487
0.618653145
0.616376222
0.617208095
0.620035528
0.612906445
0.616120604
0.618647719
0.617536237
0.615532373
0.612379565
0.938158237
0.943228458
0.935325771
0.933761247
0.936938727
0.945704185
0.935398759
0.942212978
0.945079637
0.934191984
0.946569214
0.943158568
0.939080754
0.957399291
0.943431749
0.945758483
0.946670173
0.944323869
0.949381382
0.936868876
0.939953586
0.936735528
0.937401149
0.938564564
0.944792917
0.942792277
0.942820244
0.937911849
0.945966351
0.952925518
0.936459973
0.935309882
0.950530947
0.951950726
0.951640064
0.933187345
0.933885359
0.938752218
0.957787572
0.954677284
0.934248879
0.952807597
0.957726827
0.943201781
0.942780596
0.943031179
0.936481101
0.938132911
0.938249922
0.933750183
0.934616650
0.943217972
0.943479040
0.939620164
0.933448595
0.941319152
0.943072431
0.939098293
0.957804587
0.933845044
0.944034550
0.933968557
0.937206493
0.939672261
0.941654038
0.935229341
0.944138339
0.941958527
0.944602430
0.934882766
0.946149609
0.944556758
0.933406372
0.933616117
0.952823479
0.945648452
0.947143749
0.934622751
0.936680771
0.951998639
0.944651528
0.934966172
0.935045285
0.936958572
0.950557424
0.945301335
0.943895627
0.947157683
0.942413262
0.951092867
0.948278884
0.942888720
0.956976129
0.942839225
0.947919060
0.949593560
0.934533075
0.947277613
0.937097737
0.941055046
0.948042271
0.933280049
0.951833993
0.943032359
0.939288116
0.948793605
0.949591483
0.954220952
0.945412319
0.947060761
0.945111321
0.944282178
0.956431906
0.947606441
0.938754729
0.937573091
0.951427922
0.946968438
0.935625640
0.937219391
0.943725242
0.951820882
0.943256003
0.950536079
0.948204028
0.933818035
0.940859264
0.941636329
0.940120751
0.938551477
0.934221266
0.945325169
0.936358611
0.947280976
0.944803896
0.934192387
0.943158036
0.947353232
0.942512548
0.935149612
0.944324318
0.949535788
0.948494217
0.948363478
0.936057057
0.936883931
0.944377570
0.933974533
0.935132362
0.937614569
0.954920129
0.946965697
0.936736717
0.934883995
0.941454453
0.946936894
0.933087136
0.936974378
0.954616623
0.932967693
0.946252692
0.945067431
0.938402476
0.942713296
0.958138234
0.952469100
0.934619421
0.951007751
0.955159616
0.934177149
0.945321270
0.934043377
0.949478101
0.940910285
0.936398101
0.940337233
0.964234109
0.945847757
0.937077198
0.937411932
0.943567858
0.937117442
0.943339249
0.949213814
0.941471843
0.936936761
0.940385926
0.937856295
0.959051687
0.945266889
0.937263962
0.942764396
0.933825425
0.937167103
0.936279122
0.932679729
0.934658302
0.939517705
0.933759881
0.936668634
0.943789534
0.938476483
0.945126441
0.934991022
0.932995288
0.934350608
0.939867353
0.944041087
0.940816991
0.944595027
0.944305362
0.935566428
0.934058205
0.940862889
0.943996668
0.947657817
0.936954935
0.945861973
0.943079208
0.934011458
0.934493966
0.933466750
0.938945580
0.946535463
0.933777725
0.942440242
0.933889742
0.934795791
0.939858523
0.947136910
0.938256516
0.938100851
0.947754219
0.954797602
0.934480505
0.942574111
0.940163995
0.936462303
0.942990071
0.936680297
0.939413916
0.943719306
0.931942026
0.942094330
0.935770788
0.950426079
0.944455802
0.941263336
0.933645484
0.939760780
0.935331266
0.939152537
0.934502415
0.938875711
0.933506898
0.933642059
0.933033882
0.934409114
0.934770148
0.938889610
0.937141131
0.937739506
0.933876968
0.933910395
0.958640662
0.934667332
0.935115485
0.934976009
0.933200963
0.937838971
0.946616588
0.939749364
0.938024561
0.937088435
0.952021945
0.932918389
0.942457472
0.939364050
0.943824570
0.936817529
0.941590819
0.944311942
0.936537137
0.949318611
0.938671257
0.935890240
0.952853677
0.940761680
0.945289397
0.942485543
0.936098729
0.941126755
0.945978017
0.936900442
0.935300401
0.939404496
0.944719455
0.937608937
0.943101715
0.954233447
0.949610571
0.956798434
0.948325870
0.934484723
0.936395573
0.940262639
0.937336292
0.944302301
0.938447893
0.942940038
0.933405965
0.942840637
0.937516657
0.949236699
0.935048711
0.951026309
0.933812798
0.946302838
0.933404504
0.934872685
0.934537408
0.943719827
0.943021902
0.943840634
0.943126323
0.939711834
0.937360707
0.934365795
0.940046455
0.952197435
0.950183587
0.934976884
0.945209872
0.946994441
0.934353690
0.935041399
0.950654067
0.943236515
0.950769586
0.949839574
0.946026830
0.934112437
0.939480350
0.945476756
0.938635191
0.947214028
0.935861395
0.945465904
0.955853071
0.939330999
0.944932820
0.934776355
0.933194115
0.934472609
0.938612925
0.941962350
0.934325742
0.948017616
0.934608669
0.938998286
0.946490917
0.934991982
0.944168236
0.944115644
0.936851940
0.938824041
0.937409104
0.946975778
0.940961590
0.935956196
0.948803909
0.947115211
0.950998683
0.940416329
0.943033321
0.940897707
0.943704726
0.938539003
0.941326750
0.950164581
0.938898167
0.936573249
0.944207325
0.949776122
0.939058415
0.936997359
0.947330874
0.946697956
0.933898574
0.934958319
0.935157760
0.938139937
0.935869793
0.943075791
0.952375163
0.934626298
0.953466208
0.944867169
0.945090436
0.947175223
0.947681232
0.940018160
0.945642034
0.946453802
0.940614130
0.945142049
0.940931019
0.945281717
0.941606117
0.941225664
0.937927314
0.937305280
0.940113866
0.936918984
0.938637361
0.933694364
0.941119887
0.940027041
0.936499391
0.959329938
0.935411619
0.935979290
0.939138233
0.937201233
0.937732860
0.936541983
0.933777141
0.942652491
0.937159371
0.934204445
0.938411942
0.943841990
0.940623338
0.935787778
0.938397435
0.942463588
0.938118077
0.951374944
0.941519192
0.946298845
0.933733820
0.934362267
0.939516194
0.945506127
0.937189633
0.941818326
0.948335416
0.948867953
0.946059369
0.939747394
0.939963323
0.942905379
0.939392471
0.947833339
0.947675596
0.936364006
0.936210101
0.938426275
0.938980262
0.947665369
0.950906862
0.952382934
0.944103154
0.950782390
0.938291191
0.945253663
0.950421937
0.949707982
0.949524650
0.935262393
0.944510689
0.937423368
0.938666799
0.950214642
0.935457514
0.933106362
0.943503964
0.946782999
0.936907134
0.945305426
0.942603393
0.944145161
0.942863798
0.948855274
0.940944168
0.936835999
0.938310727
0.949708359
0.950565627
0.950292041
0.943818262
0.944072054
0.952361992
0.939423927
0.936060732
0.948557132
0.943676963
0.944565136
0.941689336
0.948562883
0.933534064
1.022728363
0.940125054
0.933705109
0.938468475
0.944798132
0.943435772
0.941251732
0.942496002
0.947104886
0.936394486
0.946169224
0.946691523
0.949558200
0.939822135
0.946702156
0.933531477
0.939296563
0.934565617
0.944494551
0.934795099
0.939545411
0.946105666
0.936527864
0.938767209
0.951727051
0.935839631
0.934295374
0.945039489
0.941430303
0.944343831
0.935051440
0.939402921
0.935069725
0.937922352
0.954362190
0.936440418
0.944009878
0.946733479
0.952659471
0.945875931
0.948833004
0.937710727
0.940556688
0.947852319
0.933371456
0.946260736
0.944652375
0.936602446
0.937754949
0.941417443
0.944194065
0.938602862
0.933752437
0.944788695
0.935089768
0.940024778
0.944154030
0.934632641
0.949463519
0.939990272
0.951580242
0.951444245
0.945613637
0.944222024
0.946359287
0.937375594
0.945927747
0.934989181
0.940273051
0.938894031
0.945756363
0.936780107
0.947871154
0.949208769
0.945260484
0.934050541
0.933791422
0.939674299
0.933250568
0.936795847
0.936769402
0.941681128
0.934688653
0.934263461
0.950278538
0.946866763
0.935545228
0.951060969
0.951948991
0.938265032
0.955405729
0.943258252
0.934513871
0.938877636
0.943378365
0.937948012
0.946593660
0.937358322
0.943525472
0.944729822
0.934033946
0.933812495
0.946712835
0.937608961
0.944535318
0.933537208
0.951397967
0.935455781
0.937551574
0.938428789
0.934143013
0.933925376
0.934404386
0.948087593
0.945089888
0.933929650
0.947421792
0.938574498
0.946881392
0.938213374
0.953845503
0.936430347
0.958454722
0.935360088
0.938157656
0.948751030
0.933637387
0.944903604
0.936419766
0.943494587
0.944446191
0.942752865
0.937392546
0.945644455
0.952231490
0.945879245
0.946283852
0.944119222
0.943340280
0.941656264
0.944522264
0.947359860
0.941675845
0.941513324
0.947434534
0.945722199
0.944210940
0.950187558
0.936875129
1.067074412
0.943683378
0.937841644
0.950266781
0.952469195
0.932643176
0.938499825
0.947092813
0.937507008
0.950623222
0.952477376
0.955863570
0.948174328
0.959152279
0.945386647
0.950875309
0.943952138
0.973758275
0.943308161
0.935891330
0.951109527
0.943970686
0.946611520
0.940180744
0.949306964
0.940459146
0.943836915
0.937206565
0.935274606
0.946931947
0.942048807
0.940127550
0.937660461
0.937607786
0.936286991
0.934710693
0.951570883
0.934378482
0.934526486
0.935994502
0.940617728
0.933849043
0.935238162
0.946739775
0.937819281
0.957317271
0.944323961
0.941991615
0.951791897
0.934004046
0.945979235
0.941527204
0.947421179
0.943145149
0.943649990
0.934341606
0.942484729
0.938355534
0.938957413
0.939007905
0.939411924
0.934825602
0.940497464
0.945422263
0.944584870
0.937474535
0.948029317
0.935484068
0.961346255
0.954072480
0.954865177
0.945568222
0.938660925
0.945899187
0.937978541
0.946406885
0.952808808
0.932940366
0.937876005
0.943669978
0.951144176
0.945609492
0.937439968
0.934761336
0.949576895
0.954938049
0.942986000
0.937279855
0.947493763
0.949074781
0.938999227
0.945601911
0.941344296
0.941434283
0.945470508
0.946581088
0.943448076
0.957379441
0.934345001
0.935371006
0.937938380
0.960835039
0.934365204
0.957434141
0.938196804
0.935353598
0.936664623
0.943178359
0.934033939
0.933743551
0.934504046
0.940480074
0.945073356
0.935570443
0.935531656
0.938523117
0.943788786
0.934246837
0.934946831
0.934145207
0.934576753
0.936821928
0.943355333
0.943651577
0.934487904
0.935205565
0.934961379
0.940509753
0.937830671
0.944220565
0.936789849
0.934068565
0.939271400
0.935526341
0.938556933
0.944584017
0.932859408
0.945187896
0.936445378
0.933371925
0.938333346
0.934945170
0.942351951
0.935872492
0.938987228
0.939600802
0.944584209
0.938375717
0.937423674
0.938872323
0.950731179
0.944258313
0.945315261
0.939868759
0.946611871
0.939363176
0.941857467
0.942675456
0.937357257
0.941852971
0.942966492
0.943483254
0.939545603
0.936129802
0.937140215
0.938770224
0.934631482
0.956269063
0.941031099
0.942039441
0.933439646
0.936011056
0.944922750
0.936920816
0.939967348
0.936171047
0.942224841
0.933604849
0.939950717
0.944411672
0.946192253
0.936761516
0.946388428
0.941998754
0.944340621
0.938842017
0.941138289
0.935220963
0.947422534
0.935575939
0.944910827
0.934710759
0.952701439
0.935708361
0.947124746
0.939101026
0.935003230
0.935356646
0.933885688
0.933843776
0.938170765
0.933790321
0.935173945
0.933348093
0.942060174
0.938168411
0.938792498
0.935759502
0.939108160
0.944052584
0.941321709
0.947966451
0.941258454
0.942491625
0.946525956
0.951531510
0.943034394
0.954410103
0.934991806
0.942077593
0.934399525
0.936902464
0.935363663
0.938077506
0.934578285
0.937905968
0.933364720
0.939500806
0.939611358
0.935418968
0.934615575
0.942892267
0.935511147
0.941584557
0.942807116
0.943398668
0.940210637
0.944795661
0.939484923
0.944023748
0.938992159
0.940086517
0.935786464
0.936859427
0.947037187
0.936518579
0.947081574
0.951893339
0.943574266
0.944110808
0.948919789
0.938024993
0.942791294
0.935324642
0.944087925
0.948384877
0.935495708
0.961005229
0.947457860
0.934325095
0.936225571
0.938947847
0.944298712
0.935046483
0.956322978
0.934449920
0.936719450
1.012053599
0.934067794
0.941025847
0.941739275
0.947944514
0.940810144
0.934013951
0.956694034
0.934455571
0.946623147
0.935710580
0.952086326
0.954635722
0.943875023
0.943015067
0.939440104
0.943328795
0.942782968
0.939212809
0.934579791
0.943523254
0.932969232
0.937144903
0.946100258
0.944085628
0.934346131
0.936944113
0.948540616
0.947516999
0.953098014
0.956934368
0.944024193
0.963968779
0.941446215
0.933495818
0.938245922
0.944495996
0.934317400
0.941856355
0.943748108
0.936497187
0.935835780
0.934325883
0.947949290
0.946826816
0.943405622
0.956421597
0.936258906
0.937811031
0.943075319
0.945659201
0.950128149
0.961555802
0.943251513
0.934062122
0.937491049
0.945650329
0.952149494
0.945373085
0.944361339
0.947519215
0.946459505
0.943197573
0.943369683
0.946089334
0.936112896
0.947117567
0.934922261
0.937135014
0.946844322
0.934586513
0.947167222
0.943913830
0.944006557
0.940740302
0.941085127
0.947718299
0.943828451
0.946369547
0.940835460
0.949878826
0.944502984
0.945213030
7.921529130
7.834403345
7.855115752
7.937401969
7.840136525
7.838115278
7.889562109
7.906414622
7.925677170
7.850042807
7.849423823
7.878910510
7.906136718
7.869577521
7.908452608
7.826602167
7.910191981
7.827609502
7.872181293
7.859897934
7.888397517
7.851294930
7.869285038
7.926170195
7.831073021
7.911729341
7.872237528
7.846962257
7.844098408
7.919346381
7.840330413
7.872041195
7.831910521
7.919476606
7.907456532
7.963830789
7.847416492
7.813474677
7.941095188
7.880355370
7.873104997
7.867233252
7.836423639
7.873936704
7.872636097
7.871338645
7.894314995
7.852632966
7.933534955
7.893494292
7.849094042
7.851249440
7.856561248
7.873390223
7.876690272
7.849848645
7.859320966
7.853326603
7.840416809
7.895872889
7.877029201
7.829047486
7.846516498
7.828788284
7.826863843
7.828047936
7.832059166
7.859633871
7.868923866
7.847003324
7.882521009
7.835942868
7.885192138
7.881216494
7.855415173
7.843693674
7.867260209
7.871422411
7.938630876
7.846378495
7.788383785
7.879498261
7.836500974
7.847349891
7.908215578
7.842909465
7.823099945
7.871546903
7.910887605
7.860745184
7.848613459
7.856215249
7.931793018
7.841579264
7.888188362
7.938187709
7.821470532
7.876939039
7.854739915
7.871634212
7.862243742
7.823356114
7.842824952
7.849636479
7.872995661
7.942839111
7.846280992
7.861313330
7.847355254
7.933092981
7.888569505
7.861940171
7.857176824
8.012759395
7.843863762
7.896454086
7.934068379
7.858629988
7.915340818
7.884501897
7.925198870
7.880955173
7.867933394
7.929761257
7.916830936
7.926007601
7.845551027
7.916293504
7.836008845
7.834509367
7.830080615
7.963206987
7.879247832
7.913311875
7.925751468
7.953509850
7.834817269
7.875727547
7.905025808
7.849860442
7.843876933
7.874798318
7.840029567
7.872415138
7.860947910
7.893730778
7.884344231
7.911517449
7.864082808
7.877907234
7.849905835
7.867788522
7.911013459
7.914242160
7.887806649
7.822642142
7.840422984
7.880731418
7.915054745
7.862279526
7.920403739
7.837390011
7.843395126
7.844821059
7.858405664
7.840466377
7.844283528
7.845697866
7.858578928
7.929057764
7.861320404
7.920878144
7.878137747
7.951269879
7.862741217
7.841834833
7.826516752
7.867763866
7.851040489
7.833545480
7.918899905
7.833871301
7.921081780
7.853384534
7.875137678
7.831296391
7.847447379
7.841738947
7.835171800
7.891241784
7.925129940
7.872394152
7.844901433
7.842127636
7.887438235
7.939179823
7.881051891
7.848923214
7.862102120
7.828302808
7.830866195
7.864847090
7.845906474
7.837773819
7.864528487
7.916982167
7.842231348
7.855466444
7.929536121
7.886238835
7.938300982
7.827490175
7.875396484
7.932477797
7.867778133
7.866984548
7.855720945
7.841751761
7.854232869
7.909682537
7.841782035
7.850996435
7.834861182
7.833829422
7.876362536
7.868237072
7.904482454
7.853345436
7.848250965
7.866495875
7.915119675
7.846108834
7.835276145
7.831691223
7.832046954
7.847463432
7.849079375
7.874599589
7.855703450
7.828174656
7.880937354
7.952750347
7.963092481
7.866200627
7.867272208
7.867960838
7.843688411
7.833479055
7.842626028
7.867073925
7.947824855
7.870552645
7.846091133
7.867697737
7.928122144
7.865233494
7.843267350
7.862941078
7.951267150
7.828962742
7.847565789
7.856286346
7.949013269
7.835594980
7.847160584
7.895725672
7.948392230
7.872929431
7.848407221
7.917580095
7.885293870
7.870392740
7.921598571
7.940820375
7.877303786
7.884771464
7.872719401
7.889193077
7.954325296
7.844459987
7.837522699
7.884672534
7.930598553
7.862976208
7.882930698
7.837110533
7.872975305
7.957741788
7.853981362
7.867292439
7.853145853
7.880630625
7.842657599
7.844457279
7.858570724
7.884667921
7.933344498
7.864928828
7.875489850
7.873075035
7.844549874
7.844145783
7.839993081
7.932293880
7.846006700
7.872147763
7.865712670
7.865259190
7.935343442
7.858700607
7.930111120
7.871596902
7.841684806
7.866049175
7.843191822
7.837953256
7.867544920
7.834539123
7.910756738
7.855102479
7.859740551
7.861650235
7.885199924
7.845828448
7.839311400
7.875892835
7.835967531
7.869151975
7.827083099
7.870712493
7.839891417
7.862557504
7.865551890
7.846463021
7.834362446
7.862490738
7.841390360
7.853391910
7.834286491
7.857778648
7.824439993
7.880081597
7.903146244
7.818753050
7.873790375
7.872467493
7.831190249
7.822229413
7.835943026
7.921934684
7.857623329
7.880981789
7.921273565
7.837198216
7.881376397
7.865006561
7.859229957
7.850282223
7.849971827
7.852764583
7.855041757
7.870628174
7.840933692
7.848772981
7.935291394
7.850179374
7.937276409
7.875549944
7.893829632
7.851584572
7.864366296
7.849929176
8.001621356
7.828283062
7.933876975
7.870076792
7.852731474
7.865377573
7.851217257
7.871456045
7.860660186
7.832590309
7.839252245
7.828761307
7.847124563
7.937696726
7.852150608
7.851558965
7.831913233
7.851622171
7.878057688
7.864157511
7.968920162
7.834224154
7.833388852
7.839006447
7.921965612
7.843662414
7.938627064
7.877335078
7.925133508
7.828750240
7.938970586
7.897504436
7.868809367
7.862241840
7.859433238
7.869142932
7.908918871
7.938535034
7.869444113
7.867790026
7.848468513
7.894962703
7.861896298
7.877126581
7.934058565
7.840170435
7.842649742
7.853125810
7.871859596
7.840954842
7.858543372
7.870764170
7.865879528
7.863487770
7.929026639
7.897776174
8.008546990
7.872604216
7.864463542
7.850956597
7.853924004
7.963407479
7.913136617
7.850606228
7.872439896
7.851650433
7.845831836
7.851696767
7.892324771
7.861547626
7.836414770
7.857833579
7.852955470
7.828639659
7.853339106
7.861623742
7.926639470
7.829387214
7.852959576
7.891734831
7.955001062
7.877354541
7.838670418
7.933674081
7.892367837
7.866721151
7.845875016
7.878228857
7.861303140
7.918253475
7.881040191
7.841997012
7.861986079
7.847137539
7.932676619
7.872071926
7.934236087
7.898389039
7.929334208
7.853904053
7.859474185
7.868733385
7.842954845
7.869116822
7.909691221
7.844703171
7.952698005
7.924502584
7.891771974
7.856161595
7.957797030
7.869892618
7.860933249
7.844576997
7.851490630
7.941626728
7.842772248
7.853896068
7.855230618
7.875972955
7.893458175
7.918002191
7.860192981
7.823818919
7.836056143
7.914405668
7.922320528
7.857592407
7.924911042
7.895802715
7.975853861
7.904282630
7.839318904
7.965332001
7.853429676
7.861333199
7.830178939
7.867576363
7.845858544
7.917412021
7.890694135
7.872394153
7.861896476
7.870295424
7.968439664
7.843030231
7.833441129
7.848517572
7.884734047
7.938042220
7.827165286
7.849829081
7.888328614
7.933129980
7.860263233
7.919616451
7.860251711
7.881146665
7.886868354
7.931342998
7.909936494
7.857553737
7.868453448
7.951770353
7.872588553
7.886981890
7.834888258
7.860486252
7.884944941
7.826378755
7.873392791
7.868107487
7.866083503
7.865127349
7.844879962
7.962651090
7.894617725
7.934818443
7.845328066
7.929920666
7.892720334
7.853643098
7.880661865
7.871726158
7.870455352
7.930258817
7.865237175
7.863733439
7.932856355
7.853556483
7.863759796
7.854814130
7.835283298
7.842672165
7.865422763
7.937546932
7.924188149
7.830754129
7.896191774
7.941336858
7.872913107
7.843372502
7.893633773
7.850830241
7.852459336
7.910309855
7.989257273
7.853495602
7.859998753
7.918970537
7.872271700
7.888504643
7.847492282
7.944643319
7.833719741
7.891393693
7.928824216
7.970115917
7.831931681
7.852194432
7.959533787
7.888376254
7.850388599
7.861274275
7.828656635
7.927274669
7.871715565
7.855543136
7.878353026
7.884257152
7.862572326
7.832317274
7.898052461
7.950155678
7.845112888
7.945971193
7.893554561
7.872436493
7.851182487
7.861003167
7.872010155
7.903152275
7.841432191
7.867925798
7.917524382
7.938598830
7.845306595
7.878992430
7.916896871
7.849732304
7.931931749
7.899411438
7.833786708
7.876851759
7.847274810
7.870387352
7.862549839
7.894403231
7.837307450
7.875974198
7.835091658
7.854314731
7.862914946
7.884883730
7.934222865
7.871003931
7.866315657
7.887025312
7.861467364
7.909493001
7.858835668
7.885217033
7.922115606
7.839151331
7.873991589
7.841667244
7.834514330
7.874175834
7.913022643
7.869756167
7.879989569
7.844597049
7.881798560
7.849457247
7.935693169
7.838044720
7.844422612
7.855243558
7.913109030
7.849347299
7.874545663
7.858412339
7.915682521
7.917211438
7.882001204
7.859479900
7.847402086
7.949512604
7.847759826
7.923708839
7.919829827
7.838712217
7.956010714
7.874829548
7.872263028
7.861003702
7.876498322
7.862943128
7.924052527
7.877093831
7.921260008
7.859072860
7.880002220
7.833157534
7.847894648
7.856021153
7.841875036
7.928924520
7.867036311
7.842105624
7.841105253
7.898341513
7.868860814
7.845851933
7.854161890
7.875360480
7.864365205
7.928262644
7.943562015
7.822958811
7.867319032
7.843130806
7.859150743
7.869161518
7.916199232
7.861159405
7.826455589
7.870039250
7.913715253
7.830999500
7.837153770
7.848863612
7.847744100
7.888863812
7.853773055
7.863141988
7.841270177
7.879373437
7.859410062
7.933834846
7.856903534
7.871651115
7.890339382
7.929286003
7.841687416
7.897635507
7.862329018
7.841048564
7.940608401
7.844209863
7.834899556
7.841002119
7.836588220
7.865396225
7.839110191
7.946452151
7.849198409
7.845029189
7.865105413
7.859829869
7.875836201
7.878703013
7.878846148
7.875962923
7.875721750
7.841156023
7.838464780
7.859952585
7.868539061
7.925200530
7.829237240
7.874247948
7.855855805
7.864579988
7.833773312
7.910235648
7.862833316
7.847395053
7.857123328
7.849414607
7.850928906
7.843907911
7.917956061
7.935169927
7.860647005
7.848239972
7.841132852
7.880215754
7.846350680
7.889374774
7.948972376
7.844772567
7.870930758
7.841006701
7.891225907
7.843488405
7.844336117
7.855431240
7.844002926
7.838384602
7.878211776
7.921427624
7.843733592
7.859964192
7.965555031
7.873528124
7.935898787
7.900384021
7.914210457
7.877727231
7.930183723
7.854262013
7.827478028
7.858180658
7.921496621
7.905787277
7.932467914
7.864631671
7.844604464
7.927616965
7.863271813
7.888845892
7.968215023
7.883415532
7.874685464
7.950915024
7.856800074
7.855983981
7.857145259
7.966124404
7.960607021
7.895986879
7.862361092
7.891088193
7.939707671
7.854963116
7.863343554
7.900222270
7.938912642
7.931395397
7.838395064
7.840459772
7.947375379
7.900864223
7.994582853
7.865180745
7.875723714
7.853199934
7.849136795
7.857832295
7.933658106
7.854443765
7.871831086
7.861927780
7.952733634
7.904887934
7.931521571
7.867279535
7.832084141
7.888086071
7.848617328
7.879839652
7.879189672
7.938305503
7.895060864
7.850185758
7.878796139
7.931214632
7.877763758
7.952420823
7.856826703
7.964017961
7.879215160
7.844645744
7.853154085
7.876996701
7.849819843
7.878178336
7.924798028
7.853248989
7.876236311
7.876334662
7.916548414
7.855657778
7.881264642
7.841431361
7.835853610
7.882729942
7.912572964
7.839277082
7.884997190
7.850447641
7.852579666
7.869079329
7.882752827
7.851823336
7.872476523
7.875200918
7.875515977
7.940908950
7.877887165
7.868899615
7.939968668
7.914052746
7.903659293
7.894640799
7.859120992
7.874548246
7.855805525
7.867813535
7.889482458
7.902632656
7.838977040
7.872129314
7.851061247
7.944460101
7.849446494
7.833525720
7.873305811
7.844521598
7.904895752
7.876411984
7.922377734
7.856850844
7.822315123
7.886729882
7.866646239
7.874595949
7.890128483
7.941611759
7.847138730
7.877933245
7.840434071
7.880670725
7.929329563
7.828962279
7.886304758
7.933111582
7.847509997
7.873617001
7.929343047
7.856718614
7.845334582
7.841248152
7.866575033
7.891722791
7.929653838
7.855047705
7.874707201
7.861315302
7.943810850
7.854939501
7.846016678
7.874587179
7.875878618
7.848617781
7.924364470
7.952813780
7.837304450
7.909243622
7.844335728
7.853831923
7.997302459
7.847142993
7.833425601
7.866562471
7.860932840
7.878604879
7.852620023
7.883535148
7.928257112
7.858713808
7.901460469
7.925668081
7.886145236
7.944272179
7.925034426
7.860235781
7.872047339
7.888195871
7.822688507
7.881614129
7.880332794
7.857620130
7.841449412
7.856852915
7.870840572
7.927118001
7.835080552
7.841919759
7.834607982
7.888243048
7.943130547
7.823523420
7.887983093
7.938887515
7.862650394
7.910737776
7.855323777
8.135241305
8.143922127
7.885809394
7.937096419
7.956343889
7.842270888
7.981705544
7.844916756
7.853708481
7.829931419
7.924639682
7.848097811
7.854851706
7.921978302
7.882379717
7.870447067
7.918402990
7.836077466
7.834488300
