0.315014714
0.313170685
0.311676813
0.311333154
0.311014634
0.312268300
0.313278772
0.311125991
0.309739135
0.309362536
0.309209646
0.310485107
0.309011808
0.311115535
0.311036095
0.309533836
0.315988286
0.308432912
0.310920036
0.309620630
0.312117247
0.310167141
0.307386800
0.312828901
0.313409513
0.309441345
0.309371714
0.314576546
0.310768810
0.311494485
0.308329671
0.311849060
0.310484805
0.311995784
0.316456764
0.310554850
0.313456939
0.309087490
0.310000746
0.310112521
0.308717070
0.311069926
0.309714036
0.310537455
0.312916065
0.311437814
0.308639129
0.309151425
0.319499725
0.313054876
0.309003342
0.309997093
0.310050585
0.310777931
0.310973145
0.311739481
0.311388524
0.309004032
0.316221141
0.310546855
0.308580919
0.308502341
0.308309879
0.311973955
0.308995490
0.316154219
0.309653896
0.308273877
0.309077258
0.310154250
0.308937220
0.310654739
0.318672738
0.308875450
0.308693604
0.310407047
0.308784755
0.310298805
0.313757711
0.309437425
0.309305817
0.309551428
0.318322840
0.311129360
0.310165683
0.309905478
0.308592759
0.309280573
0.309094829
0.309039901
0.309506572
0.313614719
0.313068893
0.316881988
0.312226012
0.309858410
0.309840381
0.309165509
0.310009649
0.308944646
0.309604144
0.313394907
0.308495399
0.309258406
0.310695296
0.319299362
0.308515988
0.309096855
0.313838664
0.311709208
0.312277739
0.310851491
0.312847996
0.312919105
0.311964281
0.310517873
0.309310612
0.307091394
0.313816912
0.309773477
0.308677608
0.308757815
0.310140847
0.310174842
0.308458273
0.309044462
0.310862028
0.307670737
0.313707702
0.311346684
0.314459282
0.311047574
0.315738348
0.311826042
0.307839534
0.310476099
0.309432242
0.308588214
0.310156891
0.316316993
0.311551741
0.311327592
0.309255795
0.313230597
0.309110618
0.309533734
0.309752864
0.308505743
0.308393444
0.322130367
0.310098213
0.310960914
0.307448168
0.313818860
0.309713105
0.313149572
0.310958543
0.310120441
0.308307235
0.307638985
0.314719793
0.308079531
0.309189270
0.309631418
0.313374553
0.308670919
0.309204882
0.313548411
0.309678331
0.308649522
0.311025470
0.313587773
0.313972884
0.308172854
0.311258333
0.309823004
0.316040971
0.309547162
0.309239102
0.307497427
0.308239167
0.309356653
0.309111063
0.313214793
0.312899208
0.310651349
0.311625029
0.316359117
0.312185839
0.312253661
0.312727874
0.311241380
0.312943209
0.312237882
0.310805667
0.311226009
0.310310000
0.310383829
0.308998717
0.310259106
0.307467227
0.309686611
0.309738031
0.317786082
0.308715485
0.309535027
0.309463347
0.307957835
0.310186777
0.310026582
0.308561880
0.314631903
0.311986637
0.309093236
0.310106842
0.308754302
0.313330856
0.309554797
0.309471758
0.308365486
0.314989454
0.308179858
0.308117329
0.309042245
0.314292339
0.310677988
0.308411938
0.309030355
0.318569752
0.309735484
0.307441593
0.308387801
0.311791231
0.309118762
0.308502597
0.309471120
0.308555962
0.310274698
0.316056039
0.311897568
0.312548293
0.312724049
0.314921770
0.308388433
0.308647129
0.310280892
0.311849302
0.308427458
0.310078916
0.309515749
0.308614699
0.315741933
0.308993872
0.309553195
0.309207099
0.307891011
0.310282346
0.307902374
0.322714708
0.309571719
0.311047046
0.312144479
0.313215825
0.313492097
0.311606793
0.309994942
0.309508342
0.310218922
0.310260858
0.312711236
0.308924478
0.309305464
0.310237129
0.309680883
0.309335033
0.309842726
0.307488489
0.314695587
0.310014151
0.309617932
0.309431030
0.313659187
0.309290588
0.307530054
0.309330773
0.316444052
0.308843179
0.309292619
0.309930565
0.313642465
0.307939733
0.309139008
0.309919206
0.315682442
0.310578461
0.311445400
0.314027168
0.308211997
0.309368708
0.309654662
0.308770569
0.310117913
0.311526620
0.317750970
0.309907153
0.308358752
0.310100201
0.308917939
0.309134316
0.309451220
0.317238099
0.310162867
0.309320572
0.310244776
0.308774692
0.310707026
0.313151192
0.311125977
0.309567644
0.310354969
0.311497839
0.308311906
0.312777722
0.321626449
0.307568678
0.308972610
0.309077017
0.309116087
0.310391262
0.314565200
0.312184795
0.310143474
0.309575478
0.314728194
0.308884227
0.309241802
0.309120200
0.316541863
0.308954965
0.310731917
0.308413292
0.312984626
0.309258388
0.308537182
0.309473660
0.308688491
0.313754895
0.318190163
0.308454157
0.308811060
0.308344414
0.307624755
0.309124458
0.309248404
0.314974849
0.307164813
0.309600198
0.308235921
0.321545646
0.311990132
0.309156762
0.309906414
0.314316698
0.309629419
0.311119491
0.310058630
0.313101422
0.314193956
0.313137054
0.314435244
0.310187075
0.311210593
0.309655947
0.316444093
0.312022161
0.310769717
0.307881177
0.310285507
0.317624714
0.311938320
0.308782349
0.311108169
0.310304192
0.308242982
0.311517522
0.309942377
0.312599513
0.309581756
0.310282278
0.310694640
0.310406272
0.312391872
0.317418561
0.308131504
0.308714017
0.309566364
0.314097930
0.310738116
0.309627540
0.317053089
0.312678218
0.311615017
0.309853808
0.307938709
0.315362812
0.316296936
0.317069433
0.319277278
0.334820439
0.335174231
0.333057548
0.323997246
0.324682173
0.322542950
0.328570712
0.315292210
0.327792674
0.323680578
0.323235436
0.331784393
0.328489695
0.324296454
0.330772569
0.334272302
0.325777192
0.331912108
0.339718238
0.328088473
0.316928789
0.325413406
0.332647461
0.333399818
0.327894850
0.320887304
0.332912323
0.342508605
0.311651118
0.319972594
0.319069911
0.321322313
0.320407880
0.318077795
0.312874158
0.313787685
0.313727622
0.312214516
0.314236028
0.314136822
0.314285540
0.310677566
0.311236967
0.312813732
0.313079797
0.312602506
0.312928427
0.310551122
0.310217533
0.314069028
0.312143903
0.309783972
0.315422678
0.309426006
0.311118857
0.311853885
0.312384060
0.310384139
0.311262181
0.310479666
0.310177432
0.308143174
0.315202309
0.311808240
0.309025276
0.310217185
0.311363956
0.313592507
0.316541654
0.313123280
0.312700843
0.312203676
0.309146009
0.309746666
0.310665035
0.309348397
0.312235019
0.310780592
0.313507495
0.316762102
0.323882110
0.313324429
0.317938437
0.312374090
0.311381305
0.308616923
0.314951293
0.316643019
0.314193935
0.310393568
0.316352984
0.316008564
0.316110928
0.308619882
0.314328538
0.310218728
0.313184374
0.309911741
0.315295578
0.309026527
0.317473291
0.312031974
0.315238665
0.313096584
0.316930465
0.312863481
0.317068125
0.314311478
0.322802984
0.313410852
0.314323330
0.311288397
0.313944102
0.312007514
0.318547291
0.321623513
0.324683220
0.310263896
0.314262033
0.310637519
0.314521106
0.309554758
0.310784132
0.313605596
0.311106463
0.311602274
0.315258656
0.312544192
0.318216505
0.313917035
0.313897179
0.311965348
0.320671390
0.311380063
0.309404785
0.308421865
0.310063490
0.318066816
0.311471881
0.310334962
0.311122806
0.309982424
0.310319299
0.312004585
0.310702066
0.309307647
0.313965324
0.309757283
0.308840817
0.309049561
0.311236926
0.309017996
0.314102113
0.311487503
0.309181848
0.311905465
0.318035970
0.310030694
0.309232652
0.310056992
0.312258237
0.310216419
0.310279879
0.312409135
0.312467582
0.310215023
0.309388109
0.309423768
0.308409502
0.310273722
0.310370067
0.309218424
0.318605740
0.311105114
0.309861984
0.319249075
0.311009065
0.321602506
0.311955656
0.310349944
0.310882911
0.310416054
0.318256353
0.310767279
0.312530083
0.310704795
0.310241572
0.308856036
0.311130870
0.309313173
0.311090363
0.309283076
0.310811975
0.319965508
0.314250127
0.314064929
0.312907186
0.309717648
0.311374152
0.310776130
0.309282592
0.314576803
0.312175568
0.317799875
0.308889548
0.313287194
0.311594811
0.319340681
0.311395084
0.320169760
0.312097790
0.313061717
0.318832410
0.319200895
0.311776039
0.314908048
0.308500967
0.320860299
0.309177641
0.319012276
0.311612992
0.310169857
0.315490456
0.310420696
0.318575450
0.314278686
0.309103091
0.318046415
0.310254252
0.310272061
0.315239631
0.319023288
0.312517810
0.320430483
0.312034558
0.317567466
0.319882256
0.319341878
0.310389878
0.311871713
0.309709519
0.311905802
0.313482278
0.311677679
0.312770101
0.312635857
0.309308896
0.311298134
0.310690307
0.319047574
0.316779681
0.319518389
0.312603178
0.318073483
0.312228688
0.316433715
0.314920979
0.310970181
0.320230246
0.323964611
0.315253460
0.316272957
0.316827939
0.314151917
0.309401772
0.318230065
0.314022808
0.311456350
0.308562438
0.308918685
0.310047926
0.320386565
0.310515534
0.309917101
0.309866385
0.313206482
0.310733949
0.317619234
0.311094707
0.316457405
0.315321767
0.320969669
0.315361009
0.317709358
0.319632798
0.319560721
0.310671480
0.312519137
0.309735360
0.319241324
0.314911267
0.318772391
0.310555341
0.309634876
0.310445951
0.320690502
0.309333256
0.316669783
0.311906549
0.310006747
0.309617340
0.316670841
0.317990499
0.310336277
0.308647658
0.310607882
0.311125262
0.311028696
0.311976789
0.316511977
0.312370555
0.311964051
0.314728666
0.311980854
0.312685327
0.320261666
0.311682428
0.310057438
0.321952565
0.320301690
0.321110766
0.314489690
0.316759723
0.316787393
0.310781126
0.309364202
0.310223318
0.316502037
0.310780266
0.312099291
0.315367869
0.312604159
0.312218587
0.313021295
0.310951532
0.309856972
0.309882897
0.313199626
0.309531469
0.317581653
0.313118301
0.309076338
0.309555711
0.309860510
0.309150125
0.309663609
0.311707795
0.308919201
0.311238579
0.309006529
0.309889838
0.311206458
0.314685029
0.310249017
0.309968047
0.309096470
0.319477676
0.310582482
0.309264416
0.307354208
0.309464393
0.311047319
0.311457968
0.313422993
0.314361894
0.317093436
0.320154948
0.308898402
0.318840377
0.319238107
0.313434807
0.312083011
0.315255195
0.312571125
0.313297147
0.311595848
0.314665766
0.312206818
0.314383049
0.313490261
0.319280248
0.314522529
0.317657778
0.310414084
0.321186197
0.310908807
0.315452370
0.316541429
0.322484142
0.315609108
0.316546053
0.313700929
0.322287524
0.311727975
0.318074127
0.314614656
0.318525254
0.319591953
0.319442873
0.313558969
0.317840385
0.311980361
0.314124973
0.311648238
0.314700504
0.313224092
0.310877961
0.309891409
0.307409405
0.309305910
0.310284038
0.313664597
0.309272323
0.309935526
0.309075411
0.316025982
0.311720004
0.312553300
0.312776444
0.318492552
0.313059658
0.308358048
0.308722456
0.309176344
0.308115923
0.312175353
0.312193113
0.311599798
0.318254975
0.320387549
0.312592148
0.310551381
0.309546759
0.311501045
0.311231168
0.311859491
0.309889601
0.309425643
0.309318283
0.321453969
0.311645545
0.310229089
0.309547690
0.310468842
0.310207564
0.308111587
0.310346697
0.309281612
0.310100971
0.308785196
0.317635762
0.311127281
0.313672248
0.312269309
0.313406753
0.309727107
0.309456709
0.311476618
0.309196067
0.310724278
0.310205215
0.309192324
0.311116560
0.313552800
0.312307257
0.312734841
0.311790720
0.309873744
0.309735239
0.309623320
0.314142946
0.312242409
0.310767487
0.311638805
0.310253773
0.313126933
0.310422543
0.309877858
0.309518418
0.312321540
0.313891105
0.314470043
0.311034266
0.310264364
0.311445909
0.311835826
0.310971441
0.316186410
0.314041417
0.313119802
0.314339401
0.317217492
0.315269816
0.313514765
0.320426868
0.311339698
0.309456464
0.310423560
0.309678849
0.313512613
0.309904651
0.312795017
0.312680286
0.320558242
0.315073196
0.319977462
0.313922903
0.310268225
0.322191114
0.314171193
0.311775068
0.313390147
0.319166363
0.309201971
0.318723814
0.311727957
0.312609679
0.308805588
0.312358269
0.309423215
0.310953911
0.319193662
0.311175352
0.311615304
0.312434208
0.314684528
0.311518851
0.312168267
0.313691147
0.313233758
0.308962075
0.311428743
0.310706552
0.316859285
0.309866802
0.310634780
0.310044421
0.310882136
0.309481993
0.310070819
0.317732304
0.313908202
0.321193837
0.318054636
0.312483064
0.311867383
0.313379152
0.311289200
0.309098997
0.309735679
0.309896279
0.313070456
0.313571323
0.315882902
0.312434756
0.312182745
0.310485957
0.310220973
0.309826970
0.311625157
0.310910152
0.317623895
0.315165452
0.320281520
0.309270530
0.309464912
0.314995305
0.316073890
0.311437117
0.315468342
0.314955599
0.314608360
0.312202932
0.316203555
0.311605555
0.309592084
0.310246511
0.320057575
0.310817010
0.309649732
0.310029151
0.316115846
0.316089649
0.310458098
0.308462712
0.309247280
0.308134228
0.310450830
0.311256822
0.309062011
0.309623562
0.309730785
0.763968811
0.759665090
0.762050157
0.759704416
0.766009500
0.768250856
0.759096398
0.758817426
0.759694878
0.763532527
0.758146559
0.766801659
0.766994616
0.767011505
0.759449885
0.758702691
0.758925716
0.760046242
0.763699060
0.762586931
0.760275683
0.768347334
0.767302157
0.759344593
0.762033335
0.766261386
0.760650139
0.760473108
0.760264252
0.760493429
0.762807014
0.765495272
0.767060407
0.766593421
0.766238834
0.767243196
0.768149419
0.759608581
0.761474489
0.762448652
0.760237777
0.765284127
0.761757825
0.760138114
0.761831480
0.759398446
0.769520910
0.758741692
0.759802859
0.762442771
0.760306415
0.768435686
0.760460359
0.758113066
0.758702070
0.767804833
0.759356631
0.761298751
0.759647273
0.768337523
0.759511009
0.761534867
0.760662284
0.763281869
0.767244110
0.769723726
0.759801358
0.760164979
0.757825084
0.762376255
0.769964831
0.761666554
0.759360595
0.759085321
0.760883938
0.761535586
0.760064832
0.766996891
0.770093086
0.767465786
0.768192698
0.759414310
0.760981749
0.761255662
0.766702510
0.760055103
0.759654683
0.763188306
0.763506857
0.762797453
0.760320154
0.757919522
0.766651184
0.767123809
0.766356240
0.766170359
0.768779319
0.765326767
0.759595672
0.766029281
0.766149193
0.761769017
0.765879866
0.759772300
0.764667772
0.767146057
0.770947735
0.766967797
0.760111321
0.762641043
0.759843104
0.762122947
0.766379212
0.767113381
0.767099446
0.768127558
0.765427467
0.759861355
0.760578514
0.762747380
0.760556723
0.767348863
0.774119617
0.766643118
0.768613358
0.769047444
0.768197803
0.767716921
0.758960179
0.757670155
0.766720804
0.759293450
0.766768914
0.759036071
0.770480678
0.760490602
0.768981004
0.767938148
0.775827023
0.767837018
0.766979030
0.761366366
0.764739756
0.759501058
0.760959036
0.761014809
0.762860736
0.762695434
0.770663060
0.759563199
0.757868941
0.760872468
0.760119308
0.759193113
0.762550649
0.760676552
0.770794493
0.767729045
0.782625906
0.778579327
0.760573088
0.759272296
0.761193889
0.759302609
0.761657970
0.760300434
0.758131847
0.769609037
0.761502872
0.758900718
0.764034579
0.758769896
0.760648340
0.759135183
0.768065072
0.759645625
0.769687208
0.760761128
0.759005452
0.762351635
0.762920653
0.757735287
0.771214929
0.758675719
0.759672564
0.758430680
0.759214539
0.758152759
0.760137990
0.759374173
0.761603307
0.761775200
0.759662976
0.759044764
0.759948288
0.767007601
0.761245905
0.759017590
0.761930857
0.759852161
0.768141195
0.761497579
0.760833503
0.759356682
0.759317833
0.767304468
0.760047587
0.759715427
0.760407317
0.763367324
0.765455739
0.762674371
0.764556075
0.759674662
0.762931890
0.758859769
0.763639836
0.770979020
0.766759099
0.769102407
0.760249258
0.767928281
0.761027927
0.766810050
0.760938944
0.771079321
0.760962921
0.760260786
0.762212808
0.762424832
0.763683206
0.762239808
0.767146153
0.760536016
0.769880770
0.771437080
0.766674879
0.759465926
0.759729451
0.760093322
0.762857226
0.761116190
0.760814870
0.760663109
0.762617758
0.762790137
0.762326980
0.757849995
0.761947109
0.760705512
0.762773910
0.759781059
0.766751127
0.768221525
0.758350912
0.764008663
0.763292285
0.760063786
0.760767135
0.759823858
0.763603811
0.760101583
0.759109479
0.768832943
0.767969866
0.760859080
0.759675569
0.760577310
0.761492919
0.756984979
0.761456511
0.759832104
0.766956557
0.767179555
0.767057887
0.766946617
0.760870256
0.761288132
0.759520024
0.760993022
0.760947441
0.762221418
0.759119031
0.764942970
0.767983638
0.766926049
0.768662531
0.758253532
0.757053910
0.761687165
0.758109266
0.759282710
0.759792394
0.762026820
0.762437814
0.761536318
0.769082175
0.759545208
0.760990535
0.767833808
0.766819653
0.758261111
0.760367383
0.770929713
0.759898972
0.766186747
0.769349958
0.765622980
0.768668419
0.767083101
0.768203919
0.767417018
0.768133974
0.759467459
0.768954358
0.758776884
0.759697177
0.759613317
0.766732374
0.766903919
0.759548454
0.763395869
0.762216104
0.767328142
0.767692043
0.762446255
0.759201347
0.767430568
0.762321081
0.762518921
0.767901960
0.760454066
0.767424359
0.760547553
0.761388235
0.758932868
0.760699439
0.758027918
0.761721115
0.761024990
0.767586885
0.759436904
0.759348307
0.777299812
0.769363963
0.768330084
0.770549131
0.767140613
0.759567707
0.770611903
0.768177246
0.761654873
0.766092588
0.761647547
0.760052483
0.760274132
0.758223051
0.761101277
0.761568825
0.760864986
0.768442109
0.768494434
0.767017302
0.769430706
0.759244657
0.759801355
0.758605824
0.768875329
0.760386448
0.759521628
0.762995833
0.758801483
0.767401964
0.761517491
0.766518230
0.765633639
0.760084892
0.760076976
0.759475737
0.761106312
0.757880032
0.760869198
0.763872130
0.766460403
0.766952640
0.768269942
0.768856729
0.766514930
0.758361293
0.758633164
0.759118941
0.760311723
0.759034767
0.760837706
0.760546511
0.762535851
0.761316420
0.761737165
0.761310568
0.766501898
0.767605773
0.775585885
0.769988543
0.768263095
0.761293843
0.767645864
0.759988211
0.758798138
0.760481053
0.761880554
0.767138004
0.768141549
0.767411346
0.767325542
0.762305381
0.764815838
0.762858838
0.759906354
0.759526960
0.767008189
0.759930054
0.759592984
0.759168013
0.761405895
0.761156509
0.758577994
0.760446154
0.766312888
0.761593868
0.759273306
0.758335694
0.760426582
0.764453640
0.761012891
0.767210359
0.759501656
0.759400497
0.760162404
0.758317677
0.762584038
0.768227984
0.757496260
0.759220086
0.758662116
0.766894712
0.764781931
0.761412145
0.761680690
0.763337238
0.759235282
0.763365688
0.761035840
0.767082918
0.766976034
0.765183935
0.767309857
0.759506707
0.764872937
0.760764588
0.759725012
0.759066393
0.761875662
0.761882626
0.759466525
0.762662656
0.760183313
0.761959778
0.760101448
0.763907369
0.760046057
0.771561276
0.765769688
0.769350489
0.768367670
0.766585406
0.768867491
0.767614356
0.759637348
0.759419189
0.759961069
0.759469017
0.760720855
0.763524073
0.759824307
0.764401143
0.758757780
0.766865552
0.767225151
0.760070350
0.757055793
0.763811654
0.765420736
0.761379253
0.758934562
0.760642789
0.768288794
0.760124425
0.759621172
0.759133838
0.760641757
0.761351575
0.766421064
0.759370272
0.760095594
0.763321800
0.758410367
0.763027154
0.766540972
0.758971319
0.758942602
0.761829279
0.772955957
0.762003992
0.762467179
0.762994613
0.767068250
0.758642487
0.759670355
0.761624177
0.762757532
0.758957661
0.768785794
0.767516539
0.758630317
0.759055910
0.758647754
0.762722621
0.761507307
0.759124001
0.767361270
0.759187898
0.759097673
0.757291868
0.759094593
0.762257597
0.761303868
0.767761174
0.767619458
0.759624038
0.758124734
0.758689057
0.766616188
0.757925150
0.759416584
0.761184336
0.767513999
0.760440365
0.759605739
0.759527839
0.759105028
0.759480828
0.770202926
0.759718695
0.760203700
0.757134876
0.758739164
0.759808061
0.766224456
0.766146427
0.768034735
0.759946799
0.758615905
0.760934466
0.765133938
0.759893045
0.762194472
0.764827369
0.766007993
0.759381959
0.758435152
0.758982782
0.768795541
0.760410046
0.759781321
0.762068909
0.759894314
0.760412823
0.756947158
0.764772728
0.760947546
0.761265345
0.761395668
0.761670305
0.758490330
0.761646243
0.761253875
0.759858861
0.768250859
0.760386918
0.760165257
0.764074000
0.759258263
0.763217012
0.759373766
0.760520919
0.758450441
0.776639932
0.766682146
0.768988797
0.767019517
0.772059949
0.766911428
0.769169031
0.767947455
0.774814648
0.767156549
0.761948242
0.762893834
0.763271550
0.760883937
0.765923642
0.759749354
0.764218338
0.760371924
0.768138501
0.767988154
0.760416981
0.762242862
0.763574472
0.760127786
0.767850783
0.762308057
0.760855267
0.759520450
0.761696571
0.762966381
0.763511850
0.770125642
0.764388270
0.760286998
0.761372767
0.767734827
0.762171337
0.758686405
0.760515110
0.757507376
0.759492513
0.760221859
0.760013980
0.760990820
0.758204831
0.758496361
0.759896681
0.768578494
0.767776448
0.767312287
0.767165312
0.757965973
0.761260157
0.759354315
0.759290093
0.758117974
0.758752503
0.760736632
0.761517328
0.763063074
0.760361799
0.767337372
0.769868038
0.759752215
0.758507783
0.759373828
0.758888462
0.762586147
0.759528851
0.760356362
0.759388191
0.757689728
0.776506681
0.763602010
0.759973838
0.760555916
0.772713015
0.767841659
0.760289259
0.762405391
0.759562344
0.757947071
0.759151598
0.760064740
0.758657917
0.759807957
0.759224905
0.760303093
0.760174643
0.758306536
0.767217621
0.759277155
0.760058911
0.762229230
0.759876409
0.759988953
0.764052620
0.767081686
0.763240830
0.758853137
0.759095390
0.760797154
0.764562666
0.761208282
0.761815542
0.767449295
0.757658691
0.758813143
0.761161663
0.761555634
0.758636061
0.766584525
0.759164782
0.767364400
0.759945566
0.760132156
0.760080228
0.767106041
0.760177918
0.760653915
0.763506785
0.760304356
0.767849046
0.760955299
0.767333875
0.759360969
0.759011015
0.759264899
0.761990857
0.758800893
0.761108151
0.759139475
0.759252299
0.760132969
0.758654029
0.762238942
0.759537477
0.762649122
0.760730657
0.762282604
0.760128905
0.765817712
0.768942973
0.767434040
0.759253802
0.761534581
0.757493505
0.759345831
0.761603455
0.766318834
0.767037920
0.765501489
0.763356705
0.761860672
0.762559632
0.766610482
0.769943083
0.760961270
0.767268509
0.766269907
0.758731460
0.757287160
0.759109490
0.761514420
0.760900480
0.768055361
0.768788045
0.767195296
0.761118395
0.762576243
0.759378951
0.759568185
0.759238285
0.761050648
0.758355988
0.759855881
0.761313200
0.760020652
0.760634333
0.762681486
0.763897445
0.763972661
0.758766511
0.762748857
0.763603740
0.759299072
0.768688068
0.763886387
0.760150381
0.758596067
0.763608002
0.759947034
0.766618355
0.769000351
0.766481514
0.767194157
0.765028828
0.759966348
0.760716331
0.759434973
0.757865336
0.765770396
0.766343267
0.768642726
0.769971753
0.768339994
0.768507294
0.765536679
0.759377599
0.757553943
0.759032475
0.763218632
0.760809460
0.761021284
0.759656014
0.762090635
0.758362336
0.761997851
0.762604915
0.762324069
0.760349920
0.760757836
0.759509321
0.758840925
0.759142433
0.759346251
0.759225443
0.761774568
0.759110713
0.759598019
0.759149963
0.766982717
0.767400729
0.761352716
0.759317382
0.759093481
0.766761922
0.757292324
0.762029090
0.760753317
0.760778854
0.761343069
0.765227606
0.760165321
0.760087182
0.759270984
0.758730430
0.762429343
0.759511163
0.763350209
0.759432272
0.766201232
0.768014900
0.760894600
0.758662204
0.759770852
0.762801164
0.761207702
0.760156403
0.759495453
0.757304266
0.766983920
0.760090896
0.758801054
0.760500489
0.759522666
0.758070685
0.763290117
0.760303395
0.762230003
0.765729648
0.757765092
0.759844176
0.763717198
0.762752115
0.765981669
0.772430863
0.767364843
0.768283132
0.759684332
0.758726315
0.762448529
0.760771697
0.766105234
0.759536966
0.761326151
0.760143326
0.759243095
0.758303231
0.762453030
0.760924491
0.770176474
0.771100205
0.758325712
0.758560646
0.759897756
0.759718772
0.760175488
0.763395984
0.759422215
0.766166432
0.765347874
0.767899859
0.762814640
0.760034079
0.758382764
0.761415973
0.757567356
0.760924176
0.758803449
0.759244371
0.762661268
0.767605978
0.758692095
0.759875627
0.759119373
0.762879576
0.759304665
0.759469707
0.758569765
0.768243239
0.761872994
0.760371631
0.759234424
0.759289333
0.762430004
0.759167580
0.760182621
0.762504088
0.760585341
0.760249908
0.759600688
0.759069385
0.761281697
0.759247007
0.761391762
0.763573956
0.763662685
0.759123867
0.767542797
0.767828664
0.759351409
0.760379510
0.760054006
0.760364979
0.760631093
0.758728459
0.758131332
0.764008744
0.761673003
0.759756727
0.760233746
0.759434219
0.766062084
0.760793554
0.760047169
0.762033692
0.758526654
0.767451479
0.759209572
0.759784708
0.758412902
0.761309908
0.763551688
0.761626475
0.765743039
0.760746355
0.759233095
0.763357550
0.757564356
0.767640900
0.767211836
0.767323405
0.759052251
0.760303075
0.760766626
0.758530814
0.766973016
0.761635456
0.760083505
0.762807559
0.759956742
0.767832346
0.762836959
0.758817519
0.759882109
0.761600486
0.760927456
0.766370213
0.759113022
0.758816923
0.760860114
0.767958869
0.759104704
0.762233902
0.767862741
0.767308918
0.768044694
0.760108587
0.767382330
0.758986224
0.758905197
0.759869124
0.760092617
1.123898206
1.134036581
1.141372447
1.123579370
1.126539252
1.123999049
1.128461225
1.130057364
1.125020612
1.122302228
1.123248583
1.138371088
1.135606920
1.123646105
1.124303121
1.126058120
1.121798027
1.123438236
1.127217086
1.126154964
1.130661853
1.124728996
1.122257530
1.127782097
1.137720909
1.134005274
1.124386608
1.136056080
1.125375076
1.124726245
1.133468328
1.126344165
1.126521406
1.123174725
1.124624685
1.124520548
1.128213035
1.124299060
1.127900821
1.126895241
1.125148145
1.136333217
1.123108240
1.123454959
1.123987200
1.124283073
1.122705350
1.127725655
1.121636908
1.135318576
1.140569585
1.133983370
1.125309851
1.139370440
1.128616519
1.128567211
1.123946308
1.127329859
1.137631868
1.122401639
1.124758132
1.120542292
1.124061802
1.136451638
1.124887118
1.124301821
1.124039801
1.123362987
1.128119300
1.134015640
1.140617828
1.124069196
1.124290901
1.122192531
1.123873962
1.129387331
1.123612464
1.134890263
1.132145362
1.137395212
1.136681595
1.132179301
1.126126848
1.125582496
1.146992870
1.125952250
1.124515954
1.121239452
1.123322351
1.125468110
1.122404888
1.124237069
1.126238563
1.124963852
1.124503583
1.123142179
1.139155687
1.126077786
1.128390476
1.121064432
1.123451951
1.124375446
1.124410265
1.125448942
1.125895992
1.138519896
1.122045962
1.124283155
1.130209049
1.125817827
1.125957149
1.124738389
1.122794598
1.134711343
1.124126310
1.121836045
1.128987140
1.124294172
1.129541494
1.122646015
1.123269344
1.137004355
1.125763635
1.122071996
1.122589502
1.129259359
1.135877718
1.128272355
1.124480125
1.126511532
1.125212467
1.125383594
1.138243884
1.123935431
1.125113869
1.123179944
1.123785588
1.126425888
1.124130523
1.134104844
1.137522864
1.128066312
1.121939591
1.128496721
1.123320306
1.137686182
1.124855213
1.123313476
1.124667718
1.123085624
1.124771090
1.125202456
1.122673347
1.122640751
1.128704017
1.137283684
1.122517465
1.125763831
1.125512471
1.122594333
1.123404361
1.137247507
1.123708494
1.128308796
1.124509357
1.124097762
1.137131134
1.125023379
1.125182585
1.125380499
1.127937291
1.123593937
1.139917859
1.122762310
1.127431250
1.124643514
1.136031189
1.123253454
1.124185271
1.123668871
1.125510725
1.127829304
1.124150147
1.125105512
1.140461178
1.138576459
1.124060054
1.124341170
1.138988771
1.126572172
1.128669285
1.124453610
1.123609905
1.128379362
1.136745682
1.136624340
1.137989177
1.136913281
1.124474122
1.125292424
1.124147042
1.125619573
1.122658978
1.125099875
1.123890473
1.129930646
1.123729689
1.137412834
1.125347562
1.130139578
1.125433523
1.128780070
1.128186414
1.125966843
1.124920513
1.125745643
1.124606489
1.121698784
1.123894105
1.125481411
1.126352192
1.124332053
1.125215053
1.121762281
1.132481809
1.123581738
1.135076495
1.127480421
1.124059935
1.136774276
1.125480275
1.123894641
1.123708201
1.124283985
1.129165672
1.133651994
1.135184792
1.137355818
1.127471056
1.126772166
1.122833144
1.128716008
1.137663583
1.135864769
1.137940289
1.134643746
1.123050615
1.126928554
1.124336093
1.121216881
1.124821419
1.123058496
1.127774704
1.121858726
1.125249753
1.124890735
1.124383735
1.122627087
1.128260787
1.124063654
1.135412329
1.136082327
1.123929466
1.125510010
1.129386505
1.124560827
1.134236988
1.136194997
1.129204584
1.125454217
1.123374190
1.124093672
1.123845420
1.124599330
1.123931793
1.125170019
1.123851316
1.124054292
1.122874891
1.123554478
1.123997535
1.136782965
1.121174806
1.126646068
1.125905419
1.120870919
1.144583401
1.129357616
1.125173057
1.124818917
1.124011918
1.124643288
1.125714095
1.128353361
1.121913482
1.136610229
1.124601245
1.124138144
1.125433659
1.125783621
1.126642644
1.130168665
1.132856317
1.127265648
1.124538633
1.133645825
1.134867411
1.137337149
1.136731277
1.125448963
1.123441324
1.123962219
1.123062001
1.124162100
1.123870612
1.123942352
1.139300309
1.122797818
1.123659012
1.128730432
1.123213639
1.135104050
1.126360067
1.125012938
1.124818744
1.125123365
1.123515348
1.128619661
1.124694100
1.123432432
1.124385705
1.135621716
1.126251624
1.125393233
1.123282706
1.124174391
1.131146146
1.123286960
1.137809658
1.129697682
1.125011717
1.121475803
1.136984621
1.125177872
1.124399428
1.120971416
1.128428185
1.124372757
1.137755145
1.124456642
1.125077560
1.125454814
1.124264054
1.124547032
1.129826073
1.126827079
1.126757548
1.123925674
1.136591316
1.135986938
1.136724429
1.136540733
1.122919297
1.127544404
1.124410747
1.123632517
1.136090402
1.122797282
1.124606219
1.123311635
1.128205809
1.124392561
1.137294434
1.135500432
1.136778620
1.130259042
1.124327263
1.131241195
1.131335788
1.123403028
1.134509907
1.138643483
1.137878843
1.127556993
1.124842414
1.130543590
1.129579066
1.134467584
1.123132850
1.123574406
1.121072331
1.124950657
1.136692122
1.124304181
1.124788237
1.123925400
1.123571032
1.130043847
1.123969812
1.137794576
1.136247989
1.136023289
1.135629528
1.124513424
1.125070536
1.123826405
1.126559452
1.127603218
1.124206981
1.122262153
1.123487875
1.127018121
1.123915132
1.135708240
1.134480837
1.127602127
1.127651168
1.124126246
1.124296398
1.124790585
1.122365823
1.124687618
1.125844352
1.121190935
1.129697232
1.124622623
1.139243153
1.120696773
1.129963551
1.128674326
1.130806133
1.123532546
1.129642547
1.134778916
1.134281438
1.134547493
1.122482421
1.137636879
1.125464441
1.122879868
1.136051156
1.126236699
1.122786259
1.135913563
1.121821954
1.131733843
1.127008908
1.135028810
1.133268359
1.124486942
1.125394838
1.124171955
1.135727816
1.123913984
1.121628167
1.122870120
1.125466716
1.124303383
1.127631411
1.135648271
1.136945691
1.135643547
1.134154698
1.136163092
1.135187597
1.125382785
1.123190156
1.125528748
1.135551523
1.135757894
1.122384036
1.128270054
1.121494928
1.122932921
1.124759617
1.121183496
1.124776466
1.125905193
1.139908823
1.124889075
1.126148834
1.124449794
1.126670188
1.135904432
1.121203846
1.122655130
1.125216892
1.134705509
1.120406869
1.128763599
1.123859656
1.135829376
1.125436254
1.127496581
1.124522973
1.135344288
1.137836903
1.138332112
1.131298447
1.123088904
1.122810656
1.122960416
1.139336102
1.124685621
1.125621157
1.121346404
1.128485873
1.126065402
1.140139105
1.137252316
1.124608439
1.122478088
1.122669694
1.128487627
1.123820177
1.134497802
1.122503428
1.125499459
1.124406690
1.124372023
1.127360134
1.123084083
1.128740920
1.125324626
1.135614269
1.122156993
1.122108840
1.131631583
1.124082919
1.122919455
1.136650703
1.138393927
1.134427105
1.124235712
1.121923665
1.122264771
1.137601722
1.135377931
1.136196125
1.123735777
1.123150998
1.123424320
1.135168853
1.123797822
1.123053247
1.128490109
1.123094798
1.125262054
1.126697929
1.124289084
1.128092976
1.126275897
1.135799037
1.135808363
1.128748269
1.125324899
1.126261474
1.124636536
1.122770357
1.137606845
1.123363780
1.124071857
1.127407191
1.131081543
1.123676198
1.136112922
1.124876485
1.134372387
1.122834832
1.123706136
1.138094721
1.121116411
1.124930769
1.121983219
1.136878825
1.138172927
1.137932404
1.135313880
1.123551631
1.124867940
1.124023339
1.122834517
1.120756038
1.123555727
1.123385442
1.123971355
1.126398595
1.126686120
1.128730137
1.129136041
1.126375551
1.122171220
1.123864491
1.123495882
1.156901945
1.121658041
1.127489905
1.123526696
1.135475667
1.136045531
1.125455627
1.124091214
1.125143732
1.121439273
1.124545313
1.121885482
1.124244944
1.132016990
1.128805587
1.124816090
1.132858503
1.125445499
1.122244359
1.124855384
1.129061287
1.128473762
1.123150747
1.134266642
1.134951985
1.135236995
1.134543903
1.123764375
1.121916091
1.123501452
1.122298504
1.124176729
1.123373836
1.124994292
1.124421774
1.129929344
1.125878160
1.129272288
1.123640291
1.137392540
1.135063734
1.135514331
1.135860045
1.122218864
1.123163783
1.123278041
1.122994353
1.126787673
1.120772839
1.122816238
1.127127709
1.130485867
1.124966832
1.134456207
1.123565538
1.124173171
1.122116850
1.127708192
1.124300013
1.134573173
1.120489557
1.123003178
1.124423523
1.124047545
1.123322462
1.136649396
1.125524465
1.129297281
1.128548354
1.122538212
1.126447911
1.126236991
1.122716827
1.123457818
1.137410284
1.137274383
1.134447934
1.123160309
1.124362676
1.125949183
1.128681812
1.128387304
1.125410388
1.123836455
1.129472192
1.135410278
1.135684544
1.124551790
1.123093806
1.141555418
1.123076176
1.129179885
1.122830302
1.129670637
1.123736000
1.133086111
1.121095936
1.123203605
1.135292919
1.146398715
1.134781239
1.124139530
1.120528105
1.129703509
1.123707313
1.122932120
1.125437587
1.122910564
1.121814636
1.124342844
1.124995319
1.129836164
1.125031374
1.136481150
1.137000866
1.135251875
1.123183807
1.135210713
1.135059313
1.124906602
1.124051548
1.122626829
1.126632905
1.122717340
1.120790874
1.128433337
1.127327449
1.138601260
1.122494152
1.122092224
1.137422825
1.124085004
1.124298117
1.130777292
1.144859203
1.136864486
1.122354023
1.123262835
1.123581686
1.124659112
1.126232153
1.123198456
1.124245535
1.125412484
1.124715198
1.134802004
1.127353275
1.122397966
1.123618484
1.156056081
1.121531797
1.128152763
1.124452431
1.137157660
1.123267357
1.123537709
1.124447029
1.125201959
1.135337603
1.123950639
1.124388450
1.125741773
1.123746546
1.126714651
1.124245652
1.124116762
1.122985304
1.123895403
1.126250716
1.124057152
1.136825357
1.122883106
1.123589473
1.129467045
1.135485655
1.123612009
1.125096168
1.125193471
1.123317151
1.124545194
1.121526406
1.125464463
1.126034697
1.123624876
1.125921534
1.134108266
1.122974691
1.123259765
1.125559365
1.123319905
1.124621237
1.130741392
1.124497895
1.127666714
1.121186724
1.135827422
1.136007738
1.137324782
1.134894376
1.124520418
1.124217582
1.122881736
1.124511082
1.130853192
1.124210940
1.127686649
1.128459659
1.128955426
1.124998224
1.134214965
1.136919370
1.134515867
1.122812074
1.126409264
1.120764417
1.123298673
1.127028112
1.127484403
1.123184184
1.123145008
1.129563284
1.124007328
1.122712615
1.134965223
1.135662873
1.123935927
1.121723395
1.123564397
1.123777241
1.126539147
1.128853023
1.123947832
1.139084378
1.135279216
1.135888727
1.142405230
1.125046889
1.124958871
1.122521478
1.122757033
1.124658616
1.124199198
1.125949194
1.124076141
1.139275503
1.129475876
1.123564564
1.135868936
1.124338676
1.123394052
1.125056380
1.124163304
1.135979170
1.129854533
1.123075297
1.134706238
1.124731546
1.127610566
1.125521728
1.123603797
1.123345300
1.124229883
1.123854446
1.123021427
1.123647715
1.128485354
1.122816901
1.127457265
1.122868353
1.137318537
1.128284497
1.122408797
1.123769339
1.125537957
1.129883736
1.122835858
1.126813669
1.124530472
1.137067443
1.122202295
1.123716396
1.137041164
1.136284426
1.121469267
1.127877809
1.127233842
1.125625890
1.124764048
1.136330396
1.123330863
1.122954161
1.121987735
1.122323199
1.121629956
1.123183720
1.122072961
1.127159006
1.127726132
1.120696387
1.129891450
1.124403192
1.136824550
1.136463919
1.124089832
1.124391480
1.130516277
1.124053709
1.136273588
1.139798794
1.128417410
1.120799275
1.136741989
1.124293893
1.127021459
1.124408195
1.136865540
1.122479584
1.126919503
1.125687576
1.124739326
1.131126591
1.129664649
1.124555588
1.135680660
1.136207881
1.138432707
1.135724008
1.136232226
1.124649319
1.127552583
1.123739656
1.129003253
1.124089468
1.128735154
1.135566026
1.134746887
1.138230769
1.124317659
1.135644961
1.134789205
1.122251795
1.122569985
1.123363792
1.128099556
1.123189792
1.127802623
1.127510555
1.140882894
1.136351740
1.125639167
1.124047825
1.131060412
1.128925403
1.125982794
1.123461944
1.125086247
1.135729703
1.129237741
1.121363025
1.122703143
1.127908639
1.123384765
1.138431290
1.132792004
1.121992468
1.136287623
1.123735362
1.127056692
1.123382103
1.128142629
1.123964703
1.137103047
1.138059950
1.127845669
1.134865574
1.124512097
1.120806131
1.129325411
1.124387379
1.138753695
1.137563989
1.152153532
1.140814676
1.138213781
1.123123976
1.125405712
1.124115918
1.123130886
1.127503571
1.121608002
1.137917835
1.123857590
1.124281283
1.134853246
1.123220455
1.122588806
1.124702984
1.122905958
1.124347400
1.124508102
1.124184216
1.125054185
1.126567269
1.122566773
1.122028505
1.121534122
10.430634448
10.018296828
10.117942552
10.129947165
10.195020868
10.569048009
10.181111576
10.170335570
9.992594381
10.061594612
10.184584211
10.040748620
10.070424059
10.117698188
10.541485514
10.099317373
10.216235041
10.266819879
10.354211337
10.306593090
10.112594355
10.553207121
10.094180818
10.208436335
10.072673946
10.028607581
10.014084983
10.119629068
10.484365148
10.152296282
10.086069138
10.168310291
10.131888727
10.030347858
10.351567201
10.147583289
10.265191796
10.169951035
9.968546071
10.053544960
10.067350621
10.053203403
10.089429600
9.964384320
10.093465252
10.043115547
10.002624178
10.158154688
10.107852546
10.070910468
10.296231361
10.102898206
10.114775324
10.026176307
10.035493633
10.115754974
9.971337207
10.052935697
10.041983047
10.343568324
10.057781551
10.384473037
10.095427961
10.003024717
9.882770424
9.860411973
9.885889125
9.773283561
9.796207645
9.775487429
9.863469594
9.921368476
9.827481225
9.808505943
9.926741492
10.088476096
9.713457815
10.153643627
9.824791884
9.968963438
9.837180660
9.837022287
9.834012063
9.788890496
9.865050748
9.917399578
9.891445886
9.946470554
9.847247778
9.818550163
9.777832470
9.898636997
9.714912164
9.962843207
9.707003794
9.836366511
9.895923734
9.865732250
9.937918646
9.878578269
10.036023386
10.066890641
10.265793451
9.768005519
9.831242649
10.722599372
9.933996761
9.849743083
9.953914166
9.810793789
9.937360267
10.141458636
9.840276584
9.825507242
9.881965983
9.903574994
9.734843198
9.877214176
9.767435107
9.959144918
9.756321087
10.031406924
9.861353939
9.960270756
9.863998005
9.744754961
9.723846974
10.164235862
9.717736430
9.985115592
9.988299557
10.153906985
9.861517532
10.145520716
9.740902962
9.879188146
9.863177973
9.786105532
9.738244492
9.796707952
9.730798170
9.847503550
9.866787863
10.113213797
10.166423144
10.177223878
10.066338403
9.981357268
10.084419812
10.021663966
9.956910072
10.143977261
9.794624469
10.164432253
10.131717007
10.166666781
9.882963829
9.959711094
10.149187206
9.919053573
9.912361512
10.232554399
9.720545651
9.778273981
9.805947241
9.734805397
9.726807845
9.769991676
9.792010809
9.812407182
9.762388243
9.855468617
9.766655483
9.752139478
9.806730078
9.787578117
9.870088513
9.864435952
9.728728922
9.771662241
9.956749242
9.718107461
9.839711520
9.859362931
9.701149660
9.947177603
9.847967426
9.732433903
10.106930833
9.807147633
9.924113520
9.832272484
9.727536113
9.834366267
9.966337098
9.900874926
9.910532123
9.782406571
9.748817550
9.761488231
9.994287791
9.968396260
9.795144104
10.152514609
9.949615659
10.074174676
9.781324081
9.799204640
9.954237339
9.862496419
9.841718190
10.076981876
9.820966544
9.882909349
9.745212082
9.846856725
10.074204610
9.827758482
9.715247493
9.739942738
9.718757307
9.739311647
9.871674478
9.983220710
9.808445706
9.854657198
9.844289208
9.846797406
9.753139001
9.937669649
10.138562204
10.059573136
9.831849826
10.023494759
9.821780300
9.725354767
9.838649215
10.051296797
9.833380011
9.762584780
9.780592426
9.796077887
9.712292334
9.848304201
9.749026227
9.733834771
9.837933939
9.763605736
9.975504030
9.756760031
9.933293195
10.038486949
9.758863548
9.752089114
9.826996862
9.859178950
9.898947348
9.968659258
10.259763017
9.873748671
9.753546367
9.898586826
9.787381209
10.185012772
9.741740695
9.816292810
10.012108259
9.878939498
10.196946066
10.141487775
10.151739161
10.171379186
10.010956833
10.112284962
9.848466943
10.022251147
9.950394171
9.985333687
10.122955583
10.041298374
9.750322569
9.875143462
9.755794792
9.833527609
10.140226881
9.796158165
9.743071133
9.763977862
9.856166083
9.870707864
9.833903057
9.748617271
9.743781796
9.821207733
9.743607141
9.808089040
9.750153920
9.850673360
9.722889168
10.021108707
9.856646435
9.837358860
10.164442967
9.935452222
9.767183041
10.138559290
9.908821264
10.123616837
9.840437377
9.805672529
9.778926784
9.749327286
9.714446405
9.739691091
9.750623916
9.748308459
9.768231251
9.783521658
9.908597033
9.874104280
9.749653240
9.970004759
9.784124352
9.814575015
9.933798072
9.960394971
10.016180089
10.267463597
9.814070572
10.237025342
10.061749640
9.755771010
9.737582042
9.860687637
9.744703942
9.927823466
9.958688160
9.849238187
9.738820762
9.842804546
9.786895247
9.757686078
9.774775315
9.844064323
9.787263636
9.898763975
9.895014571
9.840064376
9.933717124
9.841409025
9.838849266
9.779190036
9.817568874
9.757578981
9.870392490
9.728714456
9.913471219
9.788491742
9.785620752
9.927446310
9.924604602
9.781690855
9.815911309
9.853881692
9.741345308
9.916286874
9.731139137
9.850048339
9.752861132
9.845813617
9.714891454
9.871647843
9.768605832
9.808379020
9.846324837
9.872385998
9.772382683
9.734187754
10.152868643
9.785071592
9.804438680
9.866266650
9.790206095
9.856328033
9.784751905
9.855201516
9.792746659
9.814438079
9.789117628
9.767564636
9.727020264
9.827033282
9.782190202
9.781651696
9.739345200
10.051315568
9.722367169
9.852066506
9.719717305
9.878735403
9.759317249
9.790831935
9.758753893
9.867408555
9.842908411
9.841856435
9.855626148
9.810898465
9.796071624
9.878805491
9.782137964
9.797056134
9.833815846
9.823679237
9.824657963
9.770466762
9.748092688
9.940140391
9.805356328
9.884574881
9.970741706
9.774329771
9.734766382
9.788152282
9.969477656
9.850083174
10.120325199
9.888613197
10.025978890
10.148228102
10.170461841
9.790041219
9.802620574
10.086934909
9.947914538
9.762967955
9.821521885
9.874889738
10.111394361
10.019900992
10.049226017
9.874082460
9.857685336
9.946295582
9.841891752
9.762467379
9.840930558
9.739882109
9.993216997
9.778037955
10.046705089
9.829389889
9.727421472
9.987935647
9.699348295
9.784420413
9.894430851
9.830295499
9.834628668
9.756319241
9.830630278
9.760462572
9.749256890
9.777937161
9.763266250
9.783148482
9.742801623
9.763244935
9.717308146
9.842137430
9.796557010
9.834137060
9.838519153
9.800965347
9.734437955
9.989976638
9.731648722
9.786398711
9.839727402
9.764485151
9.724165072
9.869298379
9.725137627
9.790420843
9.796424868
9.746631413
9.819589281
9.788795893
9.874291171
9.906660794
9.736274020
9.777358347
9.733422278
9.959248215
9.831668623
9.752186226
9.763895102
9.977060929
9.790877265
9.814959102
9.845133468
9.861040346
9.816308977
9.804805915
9.819108821
9.871001095
9.762112616
9.765423281
9.781216871
9.880657941
9.859203488
10.166810869
9.870964908
9.953633000
9.723294449
9.818959218
9.766988968
9.737035959
9.774742530
9.721604422
9.837976090
9.765114537
9.858551804
9.734892129
9.741697895
9.850307928
9.796219607
9.750730966
9.887757803
10.021479384
9.800156816
9.875790618
9.889571221
9.963776388
9.851046558
9.789935601
9.721911606
9.892847984
9.719643312
9.791862245
9.935785451
10.143594513
9.766179189
9.811044434
9.918051725
9.928139555
9.794130356
9.729900314
9.847292822
9.868739252
9.715473165
9.879573046
9.838465655
9.771413196
9.806418923
9.837862000
9.832532600
9.800056060
9.887605568
9.798049871
9.722338298
9.908115780
9.752649180
9.869043279
9.829276235
9.744488781
9.889957051
9.850182638
9.854227177
9.740200937
9.842329389
9.779758239
9.736688134
9.928712508
9.726438819
9.895658995
9.784962820
10.137112034
9.751942312
9.946148605
9.766122961
9.812770129
9.970820200
9.811087605
9.852618403
9.884241819
9.856619368
9.877883341
9.905815187
9.983893973
10.186022206
9.797976391
9.875064713
9.886518268
9.758485249
9.812023801
9.824717630
9.795585286
9.889253708
9.907694951
9.746335632
9.974927772
9.752755606
9.747042717
10.004196039
10.115790476
9.732934773
9.742360264
9.846746378
9.743392956
9.853435447
9.792432596
9.742446152
9.767955091
9.741357324
9.829254563
9.712325621
9.860684878
9.829860570
9.855888663
9.833413791
9.827494437
9.766818793
9.824393396
9.725864356
9.790439159
9.710000174
9.856523116
9.708869521
9.732661314
9.887035109
9.973076975
9.873433539
9.801054011
9.795658333
9.825333234
9.772046194
10.047837997
9.725457965
9.741805453
9.765935955
9.727700836
9.842726735
9.796779706
9.718763896
9.846637516
9.888864715
9.805731053
10.148632132
10.155659330
10.080943947
9.973476309
9.836739002
9.828784446
9.772612525
9.847121078
9.732443398
9.823117300
9.866311732
9.776525574
9.844796679
9.775564138
9.833357120
9.929633490
9.877022627
9.955643445
9.789339213
9.768135423
9.709571616
9.864020784
9.722729961
9.802266835
9.735910819
10.027600752
9.781679191
9.722488580
9.837838455
9.783578419
9.765949669
9.808252441
9.818938976
9.800021175
9.869096843
9.857981453
9.925297935
9.828091592
9.725783815
9.955728847
9.728439500
9.758808278
9.767379191
9.918534536
9.794719524
9.904113851
9.762819189
9.820463178
9.802138393
9.804999385
9.796211896
9.878014025
9.836270527
9.864140406
9.808866447
9.774411849
9.819188924
9.768816297
9.746748329
9.852321010
9.806853124
9.786205004
9.838732412
9.910680442
9.743452706
9.758226497
9.817128962
9.971862972
9.748362341
9.902924924
10.053624756
9.873671602
9.775276661
9.782066900
9.768354253
9.787392691
9.830206163
9.864017247
9.731624795
9.989311373
9.764463896
9.903515624
9.988043322
10.002482578
9.823233080
9.938348410
10.095526223
9.777767132
9.852345100
10.171921753
9.770801550
9.991373131
9.834232966
9.783906099
9.767269678
9.850932043
10.017273828
9.754444852
10.023398228
9.866250848
9.751756824
9.748171708
9.915968654
9.954050655
9.843010974
9.910021259
9.840971950
9.898391068
10.083322096
9.856844852
9.938715339
9.741161569
9.876894981
9.756955627
9.827089557
9.735305968
9.734301668
9.800447192
9.881995420
10.225639126
9.772284980
9.918441697
9.807817077
9.863118072
9.791616190
9.920487371
9.836189754
10.043174513
10.240848060
10.092589315
10.108776381
9.803308026
9.800287418
9.745568732
9.964521784
9.913045445
9.839378497
10.009702613
9.944866926
9.977670498
9.863652141
9.866005133
9.812012773
9.871987100
9.808781733
9.898024323
9.847916990
9.758670886
9.758058122
9.829972042
9.733727628
9.957431278
9.740843556
9.852675145
9.794750116
9.794006130
9.814212342
10.180006473
9.802759956
9.869454351
9.785168627
9.838504891
9.981136888
9.907733225
10.225502378
9.832991709
9.908789954
9.842680160
9.912188688
10.082762890
10.060550416
9.819764818
9.733311026
9.795981694
9.804707138
9.948045664
9.728493406
9.768998438
9.852343811
9.808515592
9.834648348
9.822315517
9.730802641
9.814362528
9.860181601
10.490576968
10.260997467
9.764334666
9.747326116
9.826135808
9.776558436
9.746139285
9.866579821
9.712451642
9.984686980
9.982038442
9.882293906
9.851528349
9.826763890
9.951505390
9.809385367
9.780435094
9.756358246
9.833406410
9.822061506
9.782866726
9.836316607
9.898505718
9.727976084
10.027967900
9.837881074
9.744788652
9.735720183
9.838763182
9.772974694
9.770977292
9.830226193
9.718678382
9.767452750
9.760617920
9.800566556
9.827207066
9.748871900
9.930750902
9.821208644
9.821252205
9.723103140
9.872200898
9.765578325
9.892464703
10.013389403
9.971539754
9.723107263
9.939350183
9.821185261
9.904128630
9.792015874
9.749051727
9.871962760
9.895798200
9.828335378
9.771258013
9.794431377
9.869754813
9.853859876
9.737581998
9.953012417
9.840813833
9.776873814
9.850719805
9.806138645
9.811772525
9.776728412
9.847173847
9.855817974
9.766286294
9.770602361
9.868249330
9.874907477
9.734537904
9.760353473
9.739507648
9.725115267
9.985286755
10.169199171
10.043012052
10.135344313
10.216632737
9.729673290
9.756038238
9.818514424
9.758705991
9.803362544
9.774903355
9.836278151
9.758381331
9.889514653
9.774033407
9.755470373
9.773303966
9.760732977
9.765868211
9.761944296
9.909549730
9.787099358
9.760637965
9.921873577
9.818042129
9.822894969
9.844408920
9.717380159
9.847259269
9.856052229
9.758779246
9.840862097
9.780990721
9.823783956
9.839016531
9.870069332
9.767840176
9.833901043
9.870209687
9.886408536
9.772355838
9.763881845
9.789655589
9.746381948
9.883151791
9.808482140
9.772573477
9.795533232
9.941849316
9.818833948
9.769129428
9.890120906
9.773883649
9.765991072
9.792824459
9.738039441
9.876103244
9.779423301
9.770313986
9.779850516
9.763489532
9.809174769
9.875560372
9.954208965
9.756545163
9.856942318
9.775873447
9.767171146
9.804729471
9.756873506
9.948389764
9.907169062
9.891154350
9.757146791
9.750357152
9.745205325
9.785847201
9.723399512
10.032055194
9.831039708
10.148924896
10.103911990
10.118711371
9.879932800
9.755182262
9.922163455
9.973775890
9.820273504
9.784268322
