0.332335747
0.327318626
0.327364233
0.323641491
0.328728395
0.329629318
0.327281193
0.326064329
0.326726156
0.329525567
0.328075793
0.327483204
0.330186400
0.325609699
0.326311050
0.330585090
0.325359248
0.336581572
0.330415454
0.322828126
0.326778807
0.328471130
0.324887738
0.324918428
0.330730494
0.330987311
0.328730112
0.330329599
0.324564704
0.326648147
0.331467827
0.329674315
0.331814066
0.328929927
0.326708029
0.325269332
0.325736341
0.330780212
0.323194559
0.327523754
0.327932723
0.328064819
0.327754300
0.328289815
0.321151795
0.323731065
0.324449485
0.329024706
0.331088528
0.330137521
0.326887272
0.326222411
0.326909826
0.330033145
0.322494013
0.326365342
0.327123447
0.325034736
0.325951923
0.326602122
0.325310336
0.325468319
0.326975841
0.329381823
0.328835686
0.324646931
0.324183287
0.322454593
0.325394900
0.328592397
0.327751713
0.322688864
0.327586354
0.323918231
0.326261475
0.324105402
0.323034467
0.325912577
0.328723171
0.328122488
0.325964546
0.323843492
0.331009136
0.325898915
0.328386048
0.326163196
0.322650240
0.323708864
0.327297140
0.325403864
0.325170158
0.328933609
0.325519483
0.326339437
0.326489980
0.329423451
0.324871327
0.323725355
0.324401015
0.326474846
0.327754965
0.325739033
0.327670314
0.324484439
0.322623156
0.327309636
0.323758620
0.326557613
0.329835812
0.325310603
0.323051584
0.328053368
0.329312749
0.326444304
0.324771388
0.329970745
0.330076419
0.325688413
0.330521870
0.327303817
0.329061791
0.326469011
0.324693601
0.325308453
0.332924802
0.332869948
0.328339317
0.325615788
0.326721628
0.328061981
0.326486753
0.325300743
0.322814247
0.325564944
0.320030713
0.322927778
0.324549740
0.333257015
0.320629063
0.328078215
0.328967888
0.320757451
0.328113692
0.330499626
0.326711177
0.327510620
0.325596487
0.324645481
0.327378071
0.324289424
0.324291152
0.328760725
0.325683140
0.328862043
0.327558822
0.329505206
0.327005910
0.330105249
0.326282210
0.326040975
0.330403977
0.324454162
0.329344942
0.329492996
0.326121433
0.325670836
0.326187213
0.324205072
0.323995171
0.324558190
0.323996855
0.328648441
0.334896102
0.331195468
0.324988992
0.325682315
0.321546712
0.329734548
0.329757261
0.326906284
0.327765684
0.325194883
0.326517764
0.327542343
0.328994823
0.327600517
0.327404481
0.322617270
0.327177265
0.328789566
0.330599059
0.326074549
0.323651544
0.328467545
0.328352845
0.328720445
0.325745683
0.326048577
0.323160842
0.322024497
0.324174383
0.324273183
0.327754764
0.328246359
0.322436309
0.323269727
0.328525115
0.328064040
0.328212280
0.328658976
0.327151581
0.324444881
0.320908085
0.328708972
0.325368834
0.323112274
0.323442336
0.324865411
0.323225772
0.328922655
0.335720412
0.328744793
0.329581575
0.327772587
0.326717161
0.326713317
0.325219572
0.327927102
0.327791252
0.325037763
0.327157281
0.326888604
0.327326355
0.329449388
0.325320261
0.324299578
0.323396096
0.325352227
0.326791685
0.326406843
0.325679815
0.327443598
0.328010259
0.326495564
0.327717216
0.325823254
0.323002395
0.325330974
0.328908329
0.327647828
0.325083793
0.325119261
0.326590502
0.329609218
0.327650026
0.324824961
0.328696688
0.330982928
0.328995569
0.325690575
0.326767071
0.327610551
0.323652742
0.325300622
0.323432604
0.327591558
0.327755789
0.325256141
0.328171624
0.330625846
0.326100947
0.325524320
0.326009637
0.324763042
0.322345169
0.323000916
0.323025309
0.326241938
0.325869866
0.327243100
0.328095037
0.316493086
0.329992964
0.325473319
0.322852018
0.326852320
0.326550341
0.327282068
0.322088968
0.328005723
0.327622157
0.327987286
0.323545224
0.324619229
0.326404995
0.326912079
0.326434054
0.327787321
0.325469420
0.326372180
0.327891367
0.331361415
0.326045343
0.325830171
0.332072487
0.323555779
0.325360323
0.326407868
0.326043832
0.331315385
0.327667097
0.323817779
0.326094463
0.328423303
0.321897016
0.331405674
0.325255893
0.321561183
0.331778397
0.327453460
0.327526857
0.323632332
0.322816011
0.323162742
0.327374789
0.325178969
0.324464945
0.329138045
0.328478900
0.324728476
0.325252876
0.323873442
0.329578671
0.329600774
0.326187866
0.323554873
0.330647615
0.325103176
0.328096815
0.329382109
0.326735221
0.328260132
0.324047118
0.327340289
0.325133883
0.328187111
0.326577132
0.323288886
0.326938167
0.325954642
0.325888220
0.329462710
0.325573274
0.327823595
0.325975159
0.323894154
0.327236066
0.326360997
0.324064929
0.329104282
0.324267754
0.327037966
0.328767015
0.329156098
0.324091996
0.328987474
0.328632438
0.326283188
0.322538983
0.326919617
0.326977914
0.327198012
0.329269679
0.323827879
0.329929574
0.323254702
0.328054562
0.325702252
0.328523248
0.327452091
0.326286576
0.325179247
0.325964948
0.332476541
0.324989480
0.324260808
0.321818784
0.326176332
0.325823317
0.323683277
0.323658460
0.330231093
0.323864938
0.323026997
0.327613141
0.325587249
0.326684458
0.325461219
0.329488666
0.326584114
0.329602895
0.325363608
0.329268531
0.322375362
0.326828281
0.323567549
0.327594443
0.323540097
0.328604304
0.326026377
0.331763157
0.326972487
0.329891124
0.323874871
0.324544856
0.325270279
0.326711833
0.323857157
0.325426228
0.327221388
0.325204035
0.326549374
0.325626032
0.329790499
0.330526846
0.316625590
0.325769854
0.327229429
0.325986207
0.324845294
0.327546916
0.324463698
0.333777875
0.323508631
0.327862330
0.328778964
0.324096089
0.326160390
0.328554935
0.327716236
0.329616729
0.327186710
0.323158660
0.326796773
0.326799495
0.332910468
0.327490126
0.326154411
0.326156148
0.326568380
0.327549004
0.327188441
0.322418657
0.323714626
0.330781755
0.327022650
0.325450098
0.326265431
0.325785730
0.328595633
0.329640625
0.330002172
0.329135346
0.326412570
0.327464814
0.327408328
0.328448675
0.322902492
0.328909071
0.325930215
0.328717743
0.329656304
0.323517633
0.327877868
0.326841248
0.324042223
0.325025071
0.321104395
0.325503899
0.324768231
0.326708698
0.324758756
0.323599149
0.324766988
0.327775454
0.328675503
0.327443433
0.324254332
0.328039983
0.327822835
0.323411359
0.326263442
0.327829909
0.323809600
0.326151227
0.331531434
0.328242077
0.326738495
0.326931828
0.326742803
0.323311821
0.327093790
0.324941266
0.323697672
0.326969094
0.328451824
0.323691872
0.329276942
0.326111392
0.330616321
0.330146297
0.329263929
0.327299919
0.327047595
0.324718225
0.325669952
0.322661011
0.327996099
0.324697326
0.330567029
0.328996498
0.325291671
0.324202233
0.326893308
0.327804631
0.328025492
0.325286665
0.326857421
0.324562735
0.327587046
0.327529930
0.326004026
0.327627377
0.326462958
0.327341850
0.326138101
0.327865603
0.324221608
0.323687109
0.323077781
0.322810370
0.325171908
0.327097666
0.324960048
0.325712859
0.324650905
0.322235116
0.322310773
0.326989432
0.327199262
0.323590118
0.325675517
0.322629675
0.328875056
0.330184862
0.325938410
0.326542928
0.326211067
0.326073069
0.325068652
0.325595967
0.328106484
0.326347455
0.324547792
0.322151145
0.325499009
0.326289118
0.322926631
0.323354246
0.327556091
0.324446294
0.330063592
0.323050012
0.328991151
0.327169680
0.328726216
0.327694107
0.330782908
0.329713526
0.326512784
0.327020459
0.329323548
0.329514013
0.327631287
0.325016855
0.327107316
0.324613577
0.329555665
0.327102045
0.326819053
0.328896103
0.324325420
0.327217257
0.327059656
0.326298799
0.325707525
0.328776253
0.325095538
0.324665692
0.326631158
0.327054130
0.327050571
0.328084434
0.325199840
0.326809119
0.327951632
0.327251910
0.326108868
0.325420187
0.325530674
0.328258858
0.324341589
0.326017578
0.330679993
0.329047223
0.327513645
0.323883674
0.326092131
0.327157618
0.327585764
0.323517227
0.328041286
0.331382282
0.327164540
0.328736109
0.325137803
0.327787361
0.326824458
0.327322644
0.326909286
0.326430826
0.325929198
0.331882717
0.326799830
0.326284421
0.326673285
0.324861834
0.325704114
0.328596056
0.326241701
0.327314645
0.331475105
0.328175351
0.326484755
0.325136096
0.327289014
0.324524309
0.329743204
0.331854022
0.326499854
0.326872484
0.326499360
0.328686431
0.325249162
0.326639883
0.326022657
0.327199194
0.327105572
0.324007512
0.323213060
0.325422381
0.329408989
0.325696113
0.326878127
0.325667681
0.326162984
0.325982222
0.325337300
0.326334725
0.326153204
0.327752796
0.329108100
0.326221191
0.330648072
0.326623027
0.330625265
0.325853803
0.327603615
0.329205738
0.328693009
0.322996348
0.325294416
0.328526312
0.324826665
0.334431266
0.329282130
0.326365522
0.329232108
0.324573188
0.327867393
0.327273074
0.327351261
0.326235589
0.318559545
0.330645578
0.324588378
0.326237779
0.328572953
0.324237254
0.330784419
0.330062892
0.326040606
0.325726456
0.325948533
0.325578620
0.326083951
0.322388836
0.326842231
0.325462509
0.324866207
0.326355280
0.324860181
0.329926812
0.324224761
0.327390962
0.324845257
0.328397148
0.329004903
0.325200389
0.326819784
0.326854288
0.327175327
0.327933731
0.335085988
0.325047403
0.328319650
0.324221257
0.324742659
0.323532608
0.326977056
0.325690165
0.329776972
0.329563340
0.328118682
0.326538076
0.324844842
0.330686531
0.328541896
0.327419806
0.328935526
0.326461716
0.328255002
0.327309078
0.326411023
0.329935222
0.325819500
0.327674312
0.324483809
0.326259506
0.324290831
0.326422427
0.324126251
0.325825264
0.324730030
0.327674236
0.326429304
0.325292494
0.323430554
0.324622153
0.327461637
0.330832206
0.324405336
0.328481685
0.327783015
0.329285247
0.324040552
0.322193601
0.322933349
0.324363517
0.328885868
0.329631672
0.332763083
0.330775408
0.324780560
0.328982450
0.331211565
0.329633349
0.327282128
0.324525376
0.327833280
0.326247016
0.326806027
0.326962583
0.329255343
0.324694874
0.327470213
0.329484498
0.327547736
0.325365380
0.326172021
0.327386068
0.326593530
0.330484026
0.330055090
0.327524941
0.326222499
0.328789267
0.330376459
0.330334398
0.326658643
0.328126364
0.328885303
0.325840498
0.328585321
0.323943144
0.323892256
0.326179999
0.326080296
0.325287493
0.326657227
0.325347228
0.327926464
0.327466840
0.324889769
0.327683975
0.331998489
0.325991088
0.326549308
0.330111749
0.326202231
0.331358407
0.323760065
0.329661711
0.328281095
0.325830850
0.324862327
0.330100219
0.327007141
0.324176944
0.326525959
0.325141527
0.324322525
0.328637713
0.326684452
0.325732649
0.327892721
0.328855081
0.324616709
0.324399731
0.325524877
0.326841409
0.326872729
0.324905384
0.329553154
0.330102968
0.328592796
0.324139184
0.329417118
0.322290668
0.326484769
0.327471495
0.329423979
0.331844316
0.323230522
0.328274272
0.326774895
0.330997749
0.327155859
0.327876433
0.329628392
0.324719083
0.326592996
0.328679862
0.325738771
0.328580026
0.326776571
0.326559383
0.329679225
0.329346523
0.328638211
0.328392591
0.328987806
0.328901558
0.328959985
0.326681168
0.328112799
0.327544643
0.326591882
0.334512639
0.322500701
0.326086260
0.327967437
0.326364647
0.329892224
0.326797502
0.329388763
0.324312762
0.325222708
0.326424347
0.324442676
0.328235120
0.327314541
0.328474060
0.328221831
0.325752336
0.323958334
0.326137509
0.324986087
0.326959729
0.327229201
0.326933337
0.325559221
0.325292349
0.328189335
0.330007608
0.324562557
0.329712304
0.324579047
0.325282102
0.325209231
0.329966003
0.330042880
0.327572206
0.324660162
0.325694203
0.326183544
0.327621675
0.328297738
0.327351273
0.327808290
0.329893058
0.325952812
0.326934494
0.329819829
0.328351075
0.324247998
0.325255187
0.322390467
0.326448010
0.328807461
0.325764496
0.330651281
0.330560125
0.328654381
0.326097224
0.328302246
0.328884001
0.330880777
0.327588734
0.330755031
0.326991398
0.330164379
0.324843316
0.327755094
0.325114920
0.325660021
0.328294551
0.328337784
0.324539918
0.321216501
0.322801796
0.325809483
0.326942503
0.328349029
0.323722781
0.325298481
0.330247814
0.326108503
0.323826010
0.322753931
0.321897401
0.323101460
0.325705439
0.324033794
0.328043146
0.328800598
0.325641499
0.326721466
0.325092583
0.326590652
0.324627672
0.327227398
0.326295011
0.314930071
0.324822984
0.324748480
0.326974015
0.328075683
0.324979977
0.328426295
0.323926267
0.320240330
0.328035145
0.327105669
0.326277166
0.326920128
0.324810554
0.324638875
0.332626082
0.328277435
0.324852463
0.325252541
0.328507390
0.321802451
0.329433210
0.331739264
0.324360145
0.327496191
0.325761005
0.328773498
0.776624831
0.783762728
0.782548947
0.783229237
0.777197746
0.775370136
0.780192513
0.783066561
0.780384220
0.772481360
0.775800725
0.779888685
0.780431107
0.781492819
0.780450756
0.776478989
0.778291020
0.780556552
0.784287491
0.783862506
0.778618345
0.778635180
0.781636191
0.776989136
0.779112868
0.775647504
0.775635947
0.779640250
0.779350266
0.780541822
0.776450532
0.776974048
0.782367038
0.777399737
0.775128088
0.781213358
0.778210367
0.775656702
0.784273929
0.780293525
0.777799565
0.775633390
0.782154191
0.773912979
0.778769399
0.785116705
0.776727101
0.773761631
0.780190931
0.774815006
0.779930112
0.777116275
0.777697573
0.774476811
0.774692586
0.785427171
0.780728650
0.773673757
0.779309453
0.779220962
0.777326355
0.776951442
0.777032424
0.782587586
0.778579918
0.775688398
0.776157614
0.779088179
0.773681041
0.777535136
0.779641647
0.777291765
0.778819870
0.781782938
0.775784158
0.778671298
0.778555897
0.786993913
0.779984362
0.782593779
0.782193752
0.779473094
0.773553239
0.776989333
0.778926192
0.779158196
0.775748778
0.777700872
0.775097830
0.784127973
0.777596564
0.778796178
0.781719017
0.774354191
0.779864255
0.781042434
0.772811631
0.777652707
0.779160929
0.783496270
0.772406828
0.777355757
0.787060528
0.763759602
0.779315366
0.778696238
0.780894992
0.782437502
0.776956902
0.781187603
0.771987638
0.778676789
0.774569281
0.778007016
0.776100936
0.778127072
0.773941039
0.778558671
0.781108538
0.775797733
0.778282933
0.776455518
0.780686847
0.786469161
0.784864970
0.778468623
0.777705036
0.777536553
0.774274758
0.774328567
0.773062085
0.780286133
0.776630606
0.778845860
0.778895017
0.771442777
0.778794344
0.761216596
0.775965347
0.779433202
0.779764551
0.779876717
0.778744778
0.778135493
0.778202201
0.777646255
0.776262502
0.779362530
0.779167234
0.779992482
0.777880073
0.779358813
0.774842330
0.781736875
0.778369012
0.777450998
0.775519314
0.778663334
0.778606046
0.770573991
0.780647418
0.780990183
0.777680306
0.777077829
0.776023508
0.785389747
0.779895149
0.784730112
0.778657845
0.777236930
0.777297297
0.779947963
0.787464789
0.773095996
0.777470606
0.784215670
0.777357428
0.776943939
0.780629358
0.781069453
0.779548508
0.777451290
0.778107553
0.779956526
0.775149731
0.776676555
0.781471371
0.783222342
0.774202080
0.778804410
0.777422150
0.773511210
0.775560199
0.775387540
0.782644112
0.777013061
0.779061804
0.782299701
0.778737886
0.780270089
0.777293195
0.776642873
0.778756057
0.777019896
0.782769988
0.781697304
0.776981500
0.779052643
0.778382480
0.781081181
0.778737594
0.777674240
0.784246638
0.777152899
0.778678190
0.777835896
0.777829959
0.760514644
0.774605347
0.777494564
0.775444104
0.778770297
0.784643752
0.778143658
0.780085977
0.775574735
0.774301459
0.779236849
0.779827867
0.781820150
0.775289926
0.776820836
0.776668592
0.786796732
0.779750842
0.773678240
0.781672956
0.777748168
0.780383178
0.781925099
0.786725577
0.773210811
0.781168706
0.779065948
0.774990460
0.777186466
0.774190545
0.776664933
0.779374641
0.776381881
0.780570002
0.778207816
0.775710823
0.780622806
0.778759769
0.783621086
0.785198939
0.774923687
0.782362737
0.782795422
0.777341466
0.779154047
0.779347341
0.781544746
0.778034942
0.780214990
0.775872957
0.776502114
0.776100364
0.778663584
0.782188592
0.781156104
0.781373396
0.781958369
0.778421561
0.775688454
0.779344874
0.783887534
0.775695428
0.779532269
0.775762029
0.777698074
0.775924148
0.777564742
0.777457378
0.780857305
0.782673702
0.786473544
0.775920255
0.781132522
0.784709880
0.779927315
0.778681871
0.779596237
0.775143018
0.779391280
0.776178398
0.775912858
0.776912598
0.778467816
0.776052964
0.775536099
0.778408856
0.781892219
0.776864668
0.786214944
0.777506526
0.780330268
0.778572643
0.778915573
0.776369515
0.778732712
0.777990051
0.782963294
0.777903586
0.775769787
0.779271122
0.783778660
0.780449824
0.773630625
0.775838925
0.774978777
0.776423232
0.780460029
0.782937165
0.780981208
0.777078479
0.781028367
0.775473874
0.776822516
0.777882931
0.786082993
0.781535503
0.775200531
0.783544342
0.775892511
0.779102807
0.776467292
0.781740930
0.776592740
0.777650885
0.778395344
0.779007200
0.779194970
0.782312931
0.779979686
0.777320405
0.773314390
0.776791887
0.785089530
0.776679531
0.782660864
0.777658761
0.779797022
0.781600999
0.784144736
0.781784594
0.791183986
0.783193036
0.779603587
0.780845828
0.776015732
0.777484817
0.776687229
0.774805378
0.776337959
0.778840407
0.777607038
0.783022306
0.782118015
0.780034420
0.778908638
0.775097009
0.777017962
0.773807474
0.780483194
0.774354057
0.775730541
0.778786878
0.778263647
0.781827341
0.779738547
0.783188239
0.782397211
0.775142218
0.778830801
0.773519606
0.778138937
0.776459012
0.783795927
0.777117137
0.784209852
0.779145300
0.778205826
0.777386875
0.781265151
0.776018756
0.777056784
0.778632255
0.779305666
0.778560489
0.774513644
0.778041469
0.782653654
0.776265249
0.777533376
0.780423145
0.775604425
0.780463545
0.782073901
0.782333321
0.777093219
0.772989868
0.774425768
0.775935298
0.775389101
0.779460502
0.778193678
0.781160747
0.774448226
0.776602490
0.778278222
0.775614917
0.791964129
0.772897877
0.774570805
0.775582874
0.779104723
0.784810171
0.781443990
0.779461766
0.785025477
0.767192661
0.775184895
0.778272265
0.775257640
0.786965940
0.783017676
0.779183698
0.780963166
0.779756903
0.782361753
0.779729685
0.774268371
0.775216570
0.783215891
0.779188103
0.783302573
0.778742092
0.779638385
0.780672743
0.780524698
0.780532427
0.773985601
0.778849344
0.779472417
0.774502343
0.776699604
0.774481593
0.776793084
0.782078788
0.773917802
0.780002677
0.778973092
0.776816428
0.774692063
0.779639028
0.777222592
0.777123762
0.778221938
0.782070706
0.779474864
0.777745756
0.786804387
0.776150338
0.780523732
0.778566905
0.775714198
0.778967719
0.776963018
0.776415506
0.780944823
0.777763530
0.776527493
0.778572663
0.777396328
0.776027248
0.777361593
0.780672473
0.776578825
0.775876702
0.781196043
0.778960559
0.773689122
0.778380335
0.780389910
0.783099907
0.777370701
0.776759537
0.777984976
0.776860455
0.777970917
0.782903855
0.776721463
0.771847625
0.782317576
0.779165688
0.778070441
0.784190261
0.780556578
0.778273774
0.776322859
0.784765039
0.773392317
0.779996627
0.775377391
0.777599124
0.774938421
0.779458725
0.784154676
0.775171828
0.780010740
0.778137597
0.779752975
0.774833172
0.776970960
0.776469353
0.779296905
0.778686661
0.775532686
0.775970777
0.781533845
0.777344060
0.780464748
0.779970225
0.782252924
0.779727915
0.776887568
0.780739805
0.779360456
0.779209867
0.777490623
0.776854560
0.777889836
0.775540499
0.780525998
0.774098515
0.776724440
0.760927492
0.785213354
0.778395717
0.775858674
0.773216144
0.777516927
0.779909165
0.772833189
0.777058187
0.786808071
0.773195715
0.776939286
0.780497442
0.782065467
0.775789597
0.781647666
0.780858538
0.776208659
0.781696426
0.774927564
0.781072073
0.772421235
0.772140146
0.779969473
0.774964296
0.781071616
0.778023212
0.780442585
0.781937589
0.781696944
0.776876338
0.783149185
0.774509991
0.778075390
0.781663472
0.778796844
0.774536482
0.779488209
0.779464985
0.775900802
0.774208662
0.779682850
0.780187998
0.774605695
0.775723975
0.777863312
0.777335304
0.774852341
0.778290498
0.782057623
0.775140101
0.775366115
0.778151406
0.783358582
0.780897547
0.771997263
0.780201345
0.776413472
0.774115168
0.779498684
0.777851187
0.780850576
0.777293699
0.777167252
0.788155936
0.779327448
0.778333249
0.779366952
0.780310554
0.776696118
0.776119606
0.780511834
0.778402058
0.774886603
0.774024083
0.777274367
0.775878634
0.778576617
0.777610270
0.775057523
0.775454154
0.777265150
0.780479709
0.774570168
0.775031655
0.782254084
0.777935026
0.778156164
0.776131116
0.781698600
0.781216236
0.775395436
0.777415364
0.777324830
0.778203692
0.778488977
0.776969057
0.775707617
0.776752845
0.775343876
0.781965587
0.778431734
0.778542676
0.778690433
0.778419131
0.775681948
0.776276569
0.781491279
0.785578348
0.777505778
0.776545730
0.778866842
0.780834881
0.776611785
0.774675807
0.776394505
0.774015785
0.776723184
0.779278285
0.775193309
0.779918586
0.777806739
0.778366719
0.778132549
0.776724926
0.783266022
0.776301804
0.776747843
0.776791030
0.780082839
0.776940161
0.777047865
0.779703224
0.774399807
0.777372450
0.786872653
0.776874042
0.779968117
0.779290802
0.776671025
0.778167127
0.778641986
0.775795469
0.775465604
0.778452210
0.780598762
0.779649590
0.777559739
0.773535627
0.776917720
0.778625497
0.778337628
0.775580028
0.778229981
0.778822339
0.779951576
0.776491728
0.777765545
0.773512034
0.790516027
0.777467744
0.776298728
0.777862311
0.779755324
0.772725065
0.778116978
0.776302496
0.780410456
0.777137263
0.777501741
0.771907833
0.775002173
0.784839320
0.782038198
0.775092066
0.778290001
0.777409493
0.777412948
0.774179361
0.779249890
0.780248455
0.778740706
0.779538038
0.781977767
0.777768067
0.777006748
0.781580668
0.780121926
0.779883217
0.784043460
0.780160591
0.779418744
0.778054816
0.780576696
0.776980803
0.779313855
0.778465228
0.776678320
0.780970915
0.776221125
0.777604869
0.777207848
0.779033392
0.779062209
0.780234597
0.779933016
0.775057671
0.776849332
0.779430647
0.778530960
0.774841203
0.786274335
0.779415385
0.790389387
0.805591504
0.778759645
0.777837372
0.788936288
0.776332271
0.777322013
0.776949725
0.779306336
0.774441804
0.779482927
0.776120440
0.777321926
0.777367885
0.778501711
0.778677034
0.776567955
0.773863515
0.774380338
0.782671774
0.775173992
0.779174712
0.776721931
0.773663489
0.778493421
0.777907697
0.777917366
0.779371287
0.782788979
0.778975833
0.779065978
0.778860901
0.778673874
0.776209881
0.774403719
0.777772357
0.778468008
0.777378565
0.788141797
0.777721500
0.777249975
0.782274765
0.777513002
0.778078552
0.776309080
0.774561427
0.776639558
0.775629013
0.779783570
0.771147896
0.776933510
0.781112974
0.782071347
0.777026456
0.777554109
0.776391706
0.781883097
0.782470637
0.776512160
0.774339243
0.781114551
0.774015991
0.774834947
0.773526485
0.778151785
0.776478790
0.776594775
0.780864823
0.777580056
0.774040331
0.777855377
0.775302569
0.775358419
0.783677492
0.782108656
0.781579447
0.779489312
0.780160904
0.781650199
0.775315331
0.773948873
0.779763395
0.779167978
0.776343353
0.776686914
0.781769367
0.777390472
0.783385735
0.776207637
0.775491598
0.779024853
0.777399331
0.776117799
0.781054559
0.777287149
0.776981379
0.777470231
0.778111029
0.776148452
0.779300618
0.776762687
0.776390585
0.774023170
0.775518813
0.773979188
0.780636025
0.778114875
0.781348694
0.779701205
0.783834031
0.777963627
0.778158557
0.777438005
0.771206257
0.778921512
0.777732610
0.773898675
0.777552384
0.784186163
0.776763519
0.780451193
0.774743233
0.782172922
0.779332313
0.776051714
0.778339955
0.779433711
0.777840403
0.785168728
0.780883753
0.777120605
0.786686275
0.781292722
0.779858137
0.781515886
0.772670043
0.772908701
0.776880653
0.778028312
0.777808376
0.779405355
0.779657604
0.780927379
0.776867900
0.774332133
0.775806948
0.775848426
0.779665681
0.780233076
0.782551672
0.777966920
0.777361970
0.775012465
0.784666754
0.774239469
0.783304479
0.776437067
0.775491371
0.784878499
0.779586789
0.775451729
0.782842863
0.780078854
0.775653272
0.782003441
0.777726699
0.773507821
0.776288122
0.780159802
0.776167452
0.776475008
0.777173164
0.778074631
0.777902382
0.778311974
0.778739286
0.779976144
0.783862080
0.776659928
0.778115083
0.779341014
0.779145573
0.776524209
0.775911910
0.779262030
0.779700968
0.776534724
0.777377319
0.781906350
0.779094463
0.778842275
0.782084418
0.775174641
0.783320071
0.781713143
0.776031848
0.776210532
0.781170090
0.779775071
0.781122096
0.784133646
0.782081498
0.780193234
0.780957925
0.778610541
0.779187151
0.778799493
0.780336175
0.779490645
0.779552063
0.779045222
0.774327015
0.783920557
0.778718924
0.776697350
0.786451749
0.776425730
0.779615659
0.777934818
0.777049647
0.773749677
0.777483536
0.779632178
0.777386754
0.777625958
0.777766742
0.780913801
0.779017257
0.776214850
0.777861845
0.774879629
0.783371404
0.773146889
0.780308207
0.776383487
0.778760251
0.779478292
0.778290185
0.787261550
1.178883969
1.179809355
1.187142353
1.184710439
1.180387429
1.176081980
1.184834121
1.189338079
1.186143504
1.180706414
1.187211385
1.184943660
1.184964011
1.186690576
1.181422246
1.187058440
1.178581577
1.189329282
1.183941572
1.177912184
1.189762885
1.184025938
1.187671592
1.183615260
1.183734047
1.179231386
1.185359546
1.179078526
1.179853142
1.177187441
1.181869535
1.184042490
1.185804674
1.173081267
1.179122649
1.178943976
1.183596518
1.193807362
1.181395439
1.179781754
1.181516462
1.182465006
1.180476469
1.178569477
1.186294456
1.186089407
1.183791634
1.172943559
1.187909541
1.185870069
1.179030058
1.180973418
1.193254578
1.184022599
1.191868442
1.178903108
1.183278872
1.178643495
1.186303155
1.187154419
1.180477345
1.183893769
1.180849090
1.181765400
1.179959616
1.180662446
1.184008621
1.178579892
1.183232287
1.181197889
1.192288567
1.183844021
1.184757038
1.178206300
1.190854908
1.180259260
1.182027035
1.180486877
1.184673204
1.186806658
1.184266390
1.186727781
1.181316161
1.182065220
1.181712606
1.183920396
1.177731578
1.183058529
1.177690447
1.178680086
1.182131734
1.184949085
1.178081470
1.181969025
1.185478956
1.184047466
1.182084420
1.183657463
1.176690696
1.181195741
1.188981814
1.179369842
1.179659079
1.184606321
1.176050343
1.177020478
1.183607888
1.181041911
1.177462069
1.180477432
1.186539087
1.177306779
1.180156915
1.182172434
1.184134629
1.183224659
1.184069236
1.179627680
1.182090063
1.174340308
1.175570375
1.181786883
1.181901278
1.184251628
1.182960317
1.173333908
1.178801216
1.188391883
1.178818108
1.181791758
1.176628886
1.199457604
1.188302032
1.177420877
1.189050933
1.177305353
1.178260421
1.155264660
1.176034333
1.191053941
1.190748173
1.181158770
1.181794311
1.181587785
1.181007299
1.185783619
1.177328337
1.183495490
1.187901598
1.181074911
1.180860849
1.183658091
1.180194416
1.178678103
1.193846105
1.183689632
1.208576009
1.182228380
1.180777658
1.177672609
1.179303712
1.181773811
1.194488051
1.178963615
1.180868057
1.179728811
1.187043754
1.180361626
1.177237946
1.182380813
1.184804988
1.181017835
1.180984124
1.184900929
1.181754899
1.184003604
1.178783249
1.180021415
1.174651632
1.179556612
1.180670462
1.185399249
1.185856058
1.185103537
1.183132531
1.173697555
1.179756287
1.188277800
1.182641611
1.178138268
1.178193355
1.178522990
1.176517473
1.181520059
1.178804690
1.183407829
1.180906141
1.184119968
1.178481166
1.177027444
1.192913356
1.179642063
1.178871994
1.184136360
1.181352830
1.184320960
1.186909231
1.179414476
1.182935100
1.185563861
1.181013260
1.180473714
1.183859049
1.178530488
1.179421007
1.181424029
1.192333537
1.185572534
1.180194393
1.186424490
1.182387072
1.184392461
1.179468413
1.183697539
1.179718959
1.185219535
1.183672293
1.184956090
1.179836833
1.179001823
1.177165828
1.188467444
1.178026717
1.181239386
1.187997442
1.184978113
1.175880378
1.186046212
1.185154436
1.188691355
1.178687950
1.184100176
1.187914694
1.183976997
1.175114581
1.186004108
1.183241671
1.180541808
1.183394637
1.178141409
1.186143147
1.183791613
1.199957013
1.182580530
1.180200473
1.180398009
1.181469648
1.183340745
1.200800892
1.177810371
1.181471475
1.190433692
1.182528517
1.174913528
1.178462478
1.186750013
1.183358601
1.178516834
1.188965933
1.181594520
1.178271665
1.178158253
1.179734296
1.178005025
1.183803435
1.181892177
1.183839818
1.177389920
1.174961430
1.179577337
1.192010392
1.186274135
1.176198517
1.181742959
1.177664321
1.183978781
1.172831814
1.180768443
1.180639283
1.174397673
1.186145894
1.186615425
1.180830025
1.178917606
1.180688403
1.179033957
1.180743692
1.182781319
1.191063368
1.179984908
1.183805456
1.185665056
1.186577296
1.185475979
1.181139288
1.178697942
1.176531645
1.178754003
1.185794954
1.177065748
1.178698137
1.180808872
1.179373913
1.180425978
1.182538512
1.185347828
1.182976892
1.181939575
1.182621705
1.181138775
1.178989072
1.180350439
1.183179014
1.182734615
1.182685868
1.182968264
1.173985657
1.190552543
1.182017721
1.181841629
1.182690770
1.184021225
1.186902470
1.179985226
1.185917368
1.180231395
1.180812156
1.184036365
1.175404826
1.187085752
1.180778170
1.185569679
1.180171861
1.175897700
1.179162613
1.181845181
1.181391758
1.183404764
1.179354039
1.178769711
1.188181697
1.184140450
1.190743284
1.185257056
1.177766401
1.181484526
1.180154095
1.181760563
1.183236638
1.177780343
1.179718131
1.183646771
1.180784049
1.183761043
1.181791984
1.167483897
1.180544119
1.181207327
1.184070659
1.182945744
1.182493118
1.186863892
1.179022960
1.178170845
1.189536491
1.179542534
1.174314539
1.180932357
1.186642479
1.182593129
1.183304590
1.184699221
1.180191552
1.184298091
1.179328312
1.191697130
1.176799959
1.186532208
1.183724342
1.178398537
1.184364256
1.180658790
1.183169766
1.187403107
1.188256628
1.183456008
1.179505355
1.193659379
1.176893387
1.175549862
1.182591943
1.186686451
1.181602394
1.181236689
1.185690693
1.182108212
1.180932185
1.181438735
1.176124480
1.185151234
1.181047044
1.190548011
1.181744562
1.181128780
1.187413209
1.182975383
1.184665758
1.182939671
1.179460005
1.181008302
1.182912939
1.189578056
1.188768799
1.183012982
1.179916051
1.181514887
1.183167222
1.183316889
1.180510554
1.176077157
1.180710831
1.192734662
1.182493316
1.175832045
1.176146254
1.181055480
1.179841383
1.181025969
1.175641473
1.181910500
1.195754245
1.183417189
1.180473276
1.179340704
1.177086683
1.179903909
1.179050963
1.173563524
1.184918366
1.187833163
1.184531130
1.179050903
1.187839189
1.180163277
1.184392720
1.185994183
1.179055210
1.176838192
1.190166810
1.180782707
1.189579136
1.177018282
1.178740795
1.174452740
1.185993072
1.179263321
1.178894680
1.183612907
1.182851277
1.176846284
1.180667410
1.191735989
1.184484890
1.184319090
1.183312927
1.182458067
1.190318380
1.180424617
1.179236471
1.180081491
1.183240452
1.176252460
1.183394224
1.183570364
1.180113869
1.180921981
1.176779152
1.178605628
1.181749349
1.176419137
1.186604045
1.174133028
1.176778655
1.177466938
1.184473287
1.183684556
1.183069682
1.184502168
1.181304905
1.179206194
1.185773613
1.185684510
1.184842544
1.186683737
1.190574525
1.185589919
1.181888424
1.182261808
1.177778044
1.178459389
1.179035295
1.187157935
1.182944327
1.188013450
1.187018324
1.185729568
1.182077745
1.181756798
1.184988232
1.180677662
1.181313368
1.176999677
1.182777644
1.179954571
1.179482577
1.177502825
1.185349000
1.182970057
1.182757468
1.181661090
1.185221465
1.180642125
1.179753204
1.181647628
1.190580977
1.207048251
1.184144224
1.186272043
1.182264054
1.184280741
1.181629533
1.182663756
1.183352822
1.179393027
1.186993530
1.176608016
1.180562984
1.184037407
1.177747244
1.184496103
1.181696310
1.185391446
1.182756849
1.179921487
1.177361426
1.176859664
1.179318891
1.183795580
1.180777032
1.183032835
1.179263639
1.179951074
1.179104603
1.187075718
1.185841255
1.183588026
1.177121881
1.177783088
1.183506700
1.178905797
1.182963348
1.191121462
1.179444662
1.186860111
1.197937230
1.199406407
1.189374054
1.182769991
1.180047474
1.183798908
1.189183345
1.182394495
1.177135435
1.173790039
1.184574754
1.187223376
1.191939337
1.191868306
1.182396447
1.187466029
1.180047281
1.184142227
1.171064013
1.180410903
1.174431791
1.182756282
1.182474623
1.185422127
1.177557088
1.178586880
1.183667730
1.188817432
1.185989117
1.179961916
1.184717882
1.180259067
1.180029763
1.177715774
1.181688621
1.195987980
1.181287374
1.182690864
1.178313064
1.181542000
1.185509774
1.179033969
1.181901316
1.185129375
1.184219788
1.179226705
1.179015419
1.186094050
1.181131998
1.175596227
1.191568272
1.182996858
1.181041997
1.181439688
1.182352136
1.187836131
1.185614572
1.179703754
1.184139341
1.180834906
1.186124117
1.182452128
1.178083292
1.180420994
1.181398513
1.183915740
1.186952955
1.183140058
1.183941766
1.184159613
1.180004345
1.187686799
1.179444507
1.180820359
1.182487838
1.182545522
1.175275048
1.184690148
1.181727683
1.179536153
1.181600879
1.177112703
1.177586949
1.179203547
1.180311789
1.177216259
1.187584747
1.182851603
1.178375473
1.177645982
1.188827803
1.180959802
1.186546237
1.176373220
1.180700671
1.180809255
1.183857665
1.182333415
1.183147250
1.180941913
1.184457812
1.182069049
1.180775143
1.181131662
1.185763555
1.180225641
1.182954952
1.185597810
1.146493370
1.183841328
1.184545552
1.184465591
1.180514033
1.183466493
1.182032020
1.181113028
1.185005840
1.178574611
1.186606134
1.184950551
1.184530203
1.181160156
1.182688607
1.190421007
1.184548574
1.182057437
1.181980487
1.183037505
1.190346458
1.180376515
1.181642973
1.179493766
1.182075184
1.180840499
1.178642910
1.186155508
1.178408600
1.184131291
1.181200096
1.185896164
1.184141155
1.176478528
1.185832997
1.184513656
1.179875885
1.178065969
1.177617348
1.182412170
1.185286958
1.182215546
1.183439626
1.181303725
1.178311035
1.184004208
1.181059153
1.186238987
1.177587694
1.182272073
1.189292498
1.180194125
1.179820031
1.197484530
1.181146308
1.187368103
1.180599093
1.184184388
1.178260308
1.192511491
1.181843310
1.183394955
1.174938327
1.177438511
1.174525403
1.178091463
1.182663097
1.184234316
1.177809191
1.186224385
1.181102552
1.176928970
1.183320006
1.184095357
1.184768649
1.177342856
1.186073411
1.173854197
1.180618351
1.186188969
1.189063094
1.179943904
1.191405568
1.197681682
1.197543538
1.178876967
1.184025140
1.179084011
1.179659890
1.177616370
1.177423149
1.177108448
1.180162761
1.185530554
1.179701610
1.186594603
1.180015591
1.176090116
1.181228921
1.187626356
1.187584146
1.183189509
1.177943841
1.179788782
1.177204320
1.187606266
1.183065495
1.189645609
1.173714362
1.182102967
1.191186920
1.181653979
1.180466742
1.181360885
1.185611142
1.182008495
1.184619216
1.184787366
1.180897120
1.176544234
1.180388718
1.180491533
1.184064319
1.186155732
1.188946236
1.175649465
1.182485807
1.185908440
1.183359808
1.182863626
1.180617329
1.179252730
1.179255434
1.182003393
1.191771109
1.177218804
1.191345431
1.181214602
1.192911382
1.187139404
1.184550331
1.182699192
1.181469488
1.179631379
1.195573862
1.185838626
1.179714182
1.181647033
1.184345272
1.188365739
1.178117692
1.182852130
1.185959726
1.182960080
1.184836791
1.176271011
1.184692572
1.182835384
1.180971741
1.173204903
1.182677443
1.160352126
1.188514869
1.181355201
1.175098375
1.176897005
1.181392447
1.179903240
1.186924376
1.181925678
1.153196839
1.188800386
1.178350302
1.179940947
1.180154513
1.181733076
1.188541817
1.185469290
1.177748872
1.183900288
1.183811000
1.178534016
1.176419292
1.181810502
1.183870229
1.183347714
1.182023176
1.193169129
1.188189029
1.175895934
1.179828779
1.179492930
1.180657469
1.188269958
1.182276608
1.180766360
1.184658055
1.179958793
1.187596855
1.180314930
1.187249883
1.189404844
1.185221458
1.185211763
1.182177854
1.174943631
1.182857997
1.186575022
1.179858246
1.179485108
1.176467961
1.183131608
1.184686729
1.180317099
1.179016701
1.181065455
1.180237831
1.182668595
1.180476787
1.187249483
1.181668074
1.181180389
1.184200244
1.186163511
1.187115768
1.186267586
1.183468114
1.181663216
1.186079671
1.181982256
1.177071712
1.189849328
1.174711726
1.182628215
1.179431111
1.182901140
1.187126857
1.174015393
1.181863980
1.180183745
1.187138042
1.187342975
1.179780507
1.177759227
1.190631138
1.181754989
1.185077737
1.185361065
1.183114004
1.186195438
1.182630979
1.184374987
1.177492965
1.182162341
1.179896373
1.182840754
1.185177109
1.186714012
1.183461297
1.182633463
1.178774170
1.186859255
1.175040175
1.180069986
1.180627302
1.183479868
1.180002521
1.181336815
1.181361153
1.180006658
1.187182112
1.176769836
1.194375457
1.184489536
1.180202556
1.179782785
1.189781757
1.177759334
1.225771749
1.181592822
1.180542696
1.183864959
1.179454666
1.199691284
1.187140596
1.146878522
1.179615854
1.182499692
1.174751973
1.181032431
1.181826560
1.190394960
1.179273556
1.185181953
1.178836447
1.180657923
1.188619007
1.184824867
1.170281234
1.174027498
1.185464360
1.184168429
1.179860867
1.186615397
1.177614833
1.186338811
1.185946629
1.173830560
1.180270967
1.186740083
1.184665532
1.180482309
1.179295319
1.178197135
1.180116702
1.158256718
1.185563378
1.188138196
9.948119704
9.932872567
9.976035399
9.989687141
9.970165484
9.947800465
10.010124838
9.982494460
9.937874755
9.958984352
9.979100535
10.020346777
9.932022389
10.019927739
9.956919334
9.962254067
9.959523566
9.977067956
9.963234527
9.955428658
9.979754266
10.034402180
10.015645802
10.039302328
9.967249747
9.829722547
10.354236711
10.035546138
9.948787127
9.959067159
10.013377149
9.952630387
9.995372442
9.970658594
9.989755235
9.957597917
9.930595068
9.993438176
9.970761019
9.984721756
10.012182660
9.954247204
10.019675882
9.977114782
9.978572243
9.959390127
9.976200656
10.017471463
9.969046221
10.021010647
9.954027793
10.002973920
9.970334824
9.965319728
9.786074724
9.973923808
9.975427424
10.060878302
9.958235303
9.958540098
9.952389292
9.953169746
9.953728528
10.008741432
9.931127544
9.941090863
9.975099260
9.945436000
9.970656211
9.957665151
9.945168830
9.961897152
9.963219445
9.972006330
9.957966233
9.933353686
9.989812262
10.048416197
9.963376367
9.962781653
10.020404376
9.980185184
9.976112581
9.938641159
9.963588671
9.965978620
10.036097043
9.952367935
9.969601189
9.945152498
9.965204379
9.947405231
9.976872156
9.949718459
9.950887528
10.031340184
9.964933314
9.966793299
9.968442052
9.966299797
9.974518425
10.013878371
9.964344191
9.954384768
9.959555544
9.979289876
9.950246107
10.014615568
9.963161870
9.943152192
9.987206025
9.954480970
10.039479140
9.952559243
9.967559537
10.043706612
9.991701442
9.960011974
9.997394393
9.945542525
9.952967341
10.008769378
10.021793446
9.933681716
9.960470592
9.995881223
10.026697207
9.959587969
9.941445511
9.956357552
9.955668517
10.003208761
9.968741965
9.963788422
9.967850380
9.945574418
9.978587039
9.996002699
9.942102975
9.989760983
9.959473655
9.979241471
9.926435485
10.018531489
9.953057752
9.975584561
9.934240452
9.963053248
9.995993313
9.922350540
9.967174729
9.962443873
9.950500212
9.973170420
9.980148140
9.972361130
9.966813629
10.228820919
10.009067544
9.972963625
9.981110020
9.944619433
9.975043598
9.964893116
9.968440267
9.983953701
9.802855877
9.955760959
9.969454626
9.976732991
9.972595581
9.986356233
10.024729288
9.988862814
9.975730133
9.968874414
9.988321372
9.946241125
9.956313237
9.960417132
9.935640821
9.978972031
9.964919016
9.955743190
9.969536915
9.987276485
9.967282374
9.969058548
9.958964203
9.976251898
9.959561954
10.001151186
9.972640293
9.942963051
9.956506209
10.006226020
9.943531231
9.961853860
9.953684664
9.967703422
9.965115517
9.965350179
9.960315468
10.017369280
9.964477878
10.010099734
9.948559433
9.963472048
9.983768175
9.940553716
9.939605322
9.947389889
9.986587636
9.970575610
9.980474145
10.007582015
9.947734860
9.973357460
9.982049382
9.950930267
10.066511234
9.958520570
9.956260271
9.932576197
9.956532069
9.954323867
9.935925249
9.955368265
9.947913625
9.981745040
10.058681819
9.962572925
9.961389425
9.959259953
9.980510277
9.991306139
9.970317233
9.997085017
9.928657811
9.948137979
9.965488581
9.950955297
9.974913743
9.942082059
9.970460921
9.968394170
9.968377873
9.962862725
10.012730685
10.022035826
9.968540254
9.992281342
9.973278465
9.963181985
9.964250455
9.978675558
9.956207763
9.938935801
9.964735999
9.954278609
10.095804555
9.946133501
9.952079476
9.954375706
9.948912533
9.942906183
9.979863618
10.015900190
9.984952953
9.954496838
9.960338896
9.938595644
9.962106375
9.972701277
9.987582912
10.031642132
9.966685987
9.923627133
9.945007291
10.009624170
9.938493087
10.047386513
9.940909394
9.959646246
10.007929261
9.924628565
9.920080819
9.950453995
9.942887489
9.970017161
9.945335758
9.979456294
9.965762413
9.927493214
9.986499936
9.959531686
9.961138243
9.969811251
9.973757697
9.954780542
10.047505091
9.971580492
9.971032319
10.008018048
10.023028653
9.966834340
9.963155969
9.927921087
9.991850527
9.969091964
9.968363472
9.949319177
9.962910243
9.936806258
9.976548694
9.951773487
10.001028726
10.001872748
9.954021984
9.981896265
9.984652102
9.974081370
9.961184791
9.947165533
10.060101282
9.933229693
9.962710998
9.949568326
9.946557670
9.993847805
9.986808320
10.040070040
9.984996936
10.016832186
9.958761928
9.957632680
9.962505384
9.956596037
9.937532489
9.947892748
9.998767447
9.955976853
9.949758039
9.945097011
9.949979326
9.966635985
10.003614661
9.950401427
9.965223864
9.953701421
9.942680718
9.935526230
9.968903011
9.968752058
9.947817495
10.033874336
9.947327312
10.001069946
10.035844265
9.946640421
9.969687345
9.969001018
9.945823879
9.956299773
9.962194600
9.946884591
9.968527753
10.004040230
9.944571748
9.956022460
9.990720632
9.969598132
9.993150516
9.939783592
9.953204340
9.977206629
9.969977378
10.035427792
10.010775617
9.951456715
9.970421252
9.962399001
9.951177820
9.985512363
9.947585468
9.959545509
9.978035556
9.952481529
9.966765311
9.968946378
10.034732671
9.965250837
9.958438034
9.982106987
9.940610330
10.032518716
9.964403346
9.939582931
10.002316438
9.960331248
9.957837262
9.951319368
9.954572094
9.983313066
9.945637723
9.978275222
10.043949174
9.956798442
9.996205284
9.971182065
9.934459089
10.029310727
10.022700828
9.948152897
9.987246949
9.972444329
9.958309112
9.994295729
9.958074018
9.939093255
9.990763158
9.987405388
9.995705030
9.919595985
9.962339125
9.944758300
10.006706060
9.995285152
10.038377324
9.961031612
9.971780931
9.803138413
9.984258900
9.996731832
9.992150509
9.971881455
10.043576668
9.977441013
9.966535422
10.025160250
9.926540029
9.938698174
9.945053305
9.985386744
9.988634673
9.965500113
9.995321424
9.938021117
10.027192883
9.946898014
10.086362778
9.937390096
9.961272241
9.968135576
9.964772129
9.940579577
9.984167272
9.960154002
9.944088536
9.990918686
9.963552304
9.957174213
9.957707175
9.949411585
9.958246572
9.960926957
9.959495708
9.967186639
9.979194691
9.955560543
9.984258701
9.999396335
9.950534260
9.956584956
9.945344801
9.969645535
9.955004600
9.993733551
9.973820091
9.953393979
9.953816629
9.939795834
10.017575290
10.040114197
10.048582867
9.959714290
9.947061622
9.939057745
9.974461280
9.981268426
9.977320459
9.968808677
10.032074385
9.968594153
9.948931581
9.966564470
9.925477478
10.031322012
9.946887218
9.836198951
9.966447965
9.971218107
9.972092889
10.028196191
9.961300644
9.930014382
9.960994286
9.942134935
10.008476288
9.969876254
9.964064337
9.962040379
9.977130450
9.994784488
9.957161491
9.942347256
9.954108439
9.943719445
9.947897301
9.984133163
9.953846312
9.967013439
9.962065285
9.961519694
10.036512559
9.940412314
9.995157128
9.958930590
9.968288030
9.969537775
9.957253399
9.948417407
10.026309774
9.949902243
9.954795085
9.961128866
9.959699913
9.957326617
9.976105196
9.969754784
9.978262973
9.977799075
9.953718105
10.032336451
9.977458204
9.950056853
10.025852937
9.956503795
9.975651451
9.965185357
9.950374799
9.952585502
10.015102946
9.976958994
9.932852132
9.983606107
9.981926479
9.976589682
10.021509252
9.971659465
9.960222596
9.975148522
9.945612749
9.935795626
9.973142733
9.978014193
9.962335300
9.945582751
9.936337603
10.069924349
9.953598076
9.964060132
9.973623001
9.974492506
9.991025102
9.950183005
9.960404147
9.931883903
9.960234229
9.941222663
9.951471479
9.959347430
9.956889840
9.966049258
9.959172706
9.965647726
9.976600680
9.964255578
9.966552158
9.933760013
9.978056378
9.968445865
10.012946778
9.978689277
9.964149522
9.948675258
9.983027404
9.971473801
9.952949921
9.968572907
10.003209910
9.928663436
9.942932604
9.955049699
9.951782262
9.970653627
9.960175748
9.768891117
9.972942276
9.956291099
9.953263020
9.962276006
9.965586172
9.994826731
9.968470401
9.948648192
9.984007070
9.956217643
9.953876418
9.947840230
9.968984139
9.949549040
10.036929497
9.952787101
9.955192716
9.957244323
9.971755354
9.965085612
9.966207820
9.970735758
9.967425523
9.954505202
10.032481403
9.995230853
9.965831603
9.957598916
9.966072994
9.969948628
9.956154717
9.963170727
9.951861836
9.945281306
9.960517734
9.932817098
9.974766398
9.981263232
9.947855639
9.943657178
9.943530246
9.965937498
9.972288648
9.950830106
9.948741834
9.963025934
9.964607655
9.946590822
9.942987371
9.976197446
9.969007372
9.954720121
10.026368684
10.019873636
9.957213978
9.986882887
9.946267904
9.975201827
9.988101034
9.949529439
9.943043269
10.042124838
9.998781736
9.947712016
9.979561228
9.955936689
9.965229190
9.953092704
9.945187181
9.988924632
9.974223494
9.965339556
9.947737308
9.961951475
9.942249322
9.978856954
9.953789218
9.967924946
9.965667790
9.953173103
9.947668023
9.957831830
9.989609518
9.964760791
9.994908607
10.034032190
9.942255018
9.947449228
9.985551965
10.022863459
9.964052442
9.950669197
9.944700689
9.962757311
9.962109538
9.970168477
9.976339756
9.950235584
9.946799063
9.974026688
9.952581346
10.047015217
9.974550246
9.968431550
9.963414064
9.995781129
9.964404765
9.958185087
9.955499123
9.961847887
9.984052758
9.957565846
9.962045475
9.955341526
9.979894627
9.970691403
9.961002299
9.987696137
9.944187686
9.962017722
9.963833133
9.951344116
9.953904975
9.972908797
9.942855922
9.958371557
9.956192105
9.950976573
9.962213692
10.004802233
9.933100318
10.031640022
10.009232871
9.983598586
9.967617640
9.985321298
9.959878282
9.950267079
9.955258252
9.944042973
9.965718375
9.962814017
9.979838998
9.973229484
9.946001212
9.986130893
9.950096641
9.955456901
9.854423787
9.916448300
10.163610675
10.123312383
9.965601206
9.976153049
10.043202318
9.952206030
9.970508324
10.039791773
10.016332167
9.982804635
9.959836161
9.966559513
9.972979461
9.970210422
9.965922443
9.952609555
9.977807424
9.967836774
9.951739580
10.046323745
10.035313939
9.975163949
9.959542034
9.991494925
9.947241996
9.971999285
9.986753666
9.961242159
9.963764751
9.973012712
9.939702403
9.974038356
9.976098510
9.944942071
9.996602385
9.980607267
9.960434988
9.946625667
9.961659561
9.975529160
9.956068233
9.969923388
9.948858327
9.987104433
9.977081176
9.971799963
9.949442768
9.954331190
9.964829615
10.064677514
9.972318274
9.953136436
9.933911050
9.959116870
10.027211889
9.976712302
9.959069766
9.954404215
9.947600027
9.970740159
9.953041991
9.958409594
9.959963633
9.973860822
9.963961996
9.943282047
9.948149424
9.970997048
10.009072885
9.953168710
9.958671688
10.016525935
9.951349025
9.970629214
9.946467306
9.953743196
10.025373666
9.967752363
9.925260486
9.973277295
9.950408955
9.960520970
9.958126374
9.980934154
9.964571767
9.975509426
9.991985419
9.975972428
10.024231375
9.998080986
9.956781095
9.954170031
9.981835007
9.957064130
9.951691874
9.939863816
9.945095510
9.973991983
9.968987582
9.943812921
9.969529663
9.941831336
10.032304481
10.021696166
10.013045166
9.945884945
9.958820725
9.979525100
9.938708325
9.966641434
10.048315312
9.947706124
9.968590145
9.960826751
9.974204595
9.958255761
9.963405736
9.972342844
9.990293892
9.969048595
9.951094179
10.017888021
10.047005727
9.949531356
9.953504914
9.982361329
9.945311183
10.013478932
10.044494980
10.026434501
9.957296741
9.948472753
10.081189731
9.978334468
9.946087282
9.976310234
9.945365496
9.937247887
9.952887587
9.987123346
9.991885997
9.970950901
9.995915940
9.976971335
9.968666884
9.969939782
9.971376417
9.982229438
10.006477048
9.975532034
9.979314676
10.056604115
9.987181114
9.939844712
9.976160254
9.944133019
9.978162514
10.048317820
9.956985907
9.963323697
9.959185127
9.976812096
9.951366726
9.974834331
9.985890948
10.022983488
9.962867499
9.966822158
9.980177422
10.024972431
9.966148103
9.947057540
9.981424604
9.980548614
9.980204615
9.968193520
10.048257109
9.987861129
9.959081619
9.980058786
10.043147468
9.954051765
9.972470238
9.975777415
10.047664933
9.969730370
9.949901454
9.989024579
9.960834519
9.959655893
9.947266810
9.974289923
9.954668536
10.027513510
10.016349542
9.974893470
9.938965311
9.964354259
9.950256228
10.011399555
9.975552191
9.951910340
10.071010865
9.959675621
9.963348039
9.969042527
9.983746060
10.033185179
9.975542288
9.994291323
9.959038551
9.993533007
9.993336228
9.960931715
10.056614875
10.035281520
9.950542362
10.004905605
9.980395586
9.973108698
10.029729836
9.989869722
9.990054980
9.969219995
9.954519403
9.974006991
9.943227075
9.975539209
9.960473594
9.955255595
10.006091008
9.967740092
9.975222975
9.971718157
9.987796544
10.019024900
10.009015087
9.993758022
9.952388845
10.034410362
10.047087753
9.960456901
