1.170223194
1.166019892
1.169122333
1.162925064
1.169821203
1.165876431
1.165920895
1.162768795
1.163858868
1.166176551
1.163089959
1.166348912
1.166327840
1.167790911
1.164529396
1.168055907
1.164417261
1.167173052
1.167618126
1.167652009
1.166897238
1.164259637
1.166843378
1.164678332
1.170576320
1.164080146
1.165323631
1.167561547
1.164117730
1.165002097
1.164663912
1.164739914
1.167551105
1.162956625
1.168219586
1.169458596
1.164453200
1.167134293
1.164609654
1.164479078
1.165867041
1.168943594
1.167000326
1.162771278
1.163103203
1.163369487
1.165348848
1.164905007
1.166690654
1.165368524
1.162854362
1.165314806
1.166053426
1.164321064
1.169801524
1.162076469
1.168449617
1.164980122
1.165723282
1.164603351
1.166998795
1.165329317
1.168263744
1.162285274
1.162636173
1.165005452
1.165034912
1.168705965
1.168539494
1.165116599
1.169344113
1.161915784
1.163145168
1.168553358
1.164022270
1.169164472
1.163929882
1.162438266
1.164627105
1.163828774
1.164312218
1.162667859
1.168176252
1.170164667
1.164470346
1.165001039
1.166211927
1.166483497
1.168249769
1.168959833
1.164598102
1.166343641
1.165532570
1.167724001
1.173067845
1.165444149
1.164918719
1.165752375
1.166248656
1.164923422
1.169567343
1.165043502
1.169940212
1.165883957
1.167780788
1.168661370
1.166549239
1.161795647
1.168350167
1.166842761
1.162244004
1.169045295
1.166039624
1.163124688
1.162567206
1.163634933
1.163210530
1.166239897
1.168569857
1.166199532
1.163051158
1.166453011
1.166526351
1.170576800
1.165375238
1.162196505
1.165132530
1.166432654
1.165414340
1.166106441
1.170099259
1.166608387
1.166975795
1.165827392
1.169772702
1.160556079
1.166400994
1.172567445
1.164693430
1.162427640
1.166673966
1.163695021
1.167404964
1.168311625
1.164290312
1.164774588
1.166918386
1.167067567
1.168223904
1.166804998
1.170083412
1.166856667
1.165330933
1.166971827
1.166741506
1.169164308
1.169386537
1.167530604
1.166645855
1.163607664
1.164482719
1.164941716
1.169209404
1.164579984
1.167042232
1.167074439
1.162102591
1.166460531
1.169485354
1.164111706
1.165671895
1.165633560
1.169817281
1.168076248
1.168867305
1.162670820
1.165757690
1.164836641
1.167321402
1.162771110
1.162474771
1.162184217
1.167004395
1.162961330
1.168739854
1.163663606
1.165557666
1.167607734
1.164381355
1.170162864
1.165150439
1.170382799
1.167086716
1.166827177
1.163840412
1.166359931
1.163003445
1.167219462
1.165705544
1.163527581
1.166954787
1.167617952
1.165338634
1.162731228
1.163756886
1.167295113
1.172022690
1.163758763
1.172887417
1.165572024
1.165352696
1.165678971
1.168948459
1.166182883
1.165612290
1.164627606
1.163891415
1.165820048
1.172588766
1.167191491
1.166483886
1.165285433
1.170553870
1.166156353
1.162922743
1.163356364
1.162361040
1.167236575
1.167538427
1.169428709
1.167737478
1.163769405
1.161917998
1.163751731
1.165595043
1.168174769
1.167427119
1.167727869
1.163270692
1.164178948
1.163697301
1.167201865
1.162779867
1.162475854
1.166351975
1.164508370
1.167353225
1.162616442
1.164730173
1.167265734
1.166005634
1.164493550
1.163509754
1.168539324
1.163435954
1.162571687
1.167195153
1.161624302
1.167692348
1.166866855
1.166474014
1.169790061
1.164332809
1.164232072
1.167652461
1.165504060
1.163741912
1.165248451
1.163365119
1.162501562
1.169229449
1.166095489
1.167137472
1.163671467
1.164295055
1.164389566
1.165146369
1.161428904
1.165507115
1.161012489
1.162746494
1.164473115
1.167800762
1.169427621
1.165578573
1.168686441
1.164157925
1.168297515
1.162521811
1.165790560
1.169220046
1.162821501
1.164257242
1.168343424
1.163578848
1.162815887
1.164323759
1.168840725
1.167081649
1.164842146
1.163897884
1.163383468
1.162373200
1.175811184
1.168474720
1.172195078
1.167718941
1.159853392
1.167708332
1.168434420
1.164854087
1.166961912
1.163856557
1.164254036
1.165463480
1.169652708
1.169553010
1.164299297
1.165669559
1.163993450
1.163814287
1.162809713
1.167434690
1.165058728
1.170200697
1.165642483
1.166424058
1.165005619
1.164890350
1.165518186
1.161660911
1.169942516
1.163815837
1.168303765
1.169003691
1.166269869
1.166475638
1.166610208
1.166814215
1.170083809
1.164305521
1.166177264
1.169766376
1.163688059
1.168371500
1.165483488
1.162225057
1.168213319
1.172790530
1.166803086
1.170512156
1.163889526
1.166876558
1.170891027
1.163384163
1.165688791
1.166726900
1.169489735
1.165483613
1.170243468
1.173724274
1.170570663
1.163953918
1.168125246
1.166429091
1.168701866
1.168864275
1.166064479
1.168846615
1.172718845
1.166906662
1.165999712
1.166217120
1.166806487
1.167825613
1.176506065
1.171565291
1.166001194
1.166056689
1.164580694
1.166508515
1.163925078
1.168301195
1.162795169
1.166585532
1.166740786
1.170911508
1.168265107
1.163912963
1.166587551
1.171446462
1.167807909
1.165930132
1.165246844
1.166577151
1.163948787
1.174016355
1.167343972
1.166298610
1.166402912
1.163231277
1.167348696
1.169832025
1.163929884
1.165326375
1.162775171
1.170425659
1.161518437
1.164964452
1.169140456
1.169621556
1.167270658
1.166032008
1.164943587
1.167902817
1.160184579
1.165259822
1.165759903
1.168974413
1.165908156
1.164870890
1.165982269
1.164706331
1.164365100
1.161750919
1.161076415
1.163134212
1.163756857
1.162824946
1.165473701
1.167973450
1.174811317
1.170009739
1.166857868
1.170021484
1.163423630
1.165977152
1.165548589
1.164576180
1.166839650
1.168272480
1.167253537
1.166077894
1.165992219
1.167622516
1.168784666
1.163337986
1.162813137
1.168080084
1.168454592
1.163512242
1.166428283
1.165309661
1.167943607
1.162147488
1.163792646
1.164619276
1.164715117
1.167131840
1.167003927
1.166676088
1.163178236
1.164175306
1.163520782
1.168906930
1.168243955
1.161688322
1.161845668
1.163166040
1.164022231
1.162831150
1.164347973
1.165398072
1.164695887
1.163851727
1.169498756
1.167130391
1.170364626
1.166819078
1.167178916
1.170830337
1.168943697
1.164937171
1.164028591
1.166213888
1.167763446
1.168138265
1.163646161
1.165205395
1.167650077
1.164296492
1.165704837
1.168145554
1.163878321
1.168332506
1.166236028
1.169403557
1.167074365
1.167077942
1.166732295
1.165792619
1.168171755
1.168567635
1.172574527
1.163090074
1.168467137
1.165170314
1.166494042
1.162591805
1.167681314
1.172921881
1.162357384
1.167661848
1.161536149
1.162785989
1.173134535
1.162077754
1.162791335
1.166412914
1.162139480
1.164061681
1.169602324
1.166710879
1.165668742
1.163249667
1.166510914
1.167846739
1.168170660
1.163961975
1.167208464
1.161969606
1.167903317
1.167262553
1.164518543
1.165718639
1.169435539
1.167221583
1.168736591
1.168774188
1.170512228
1.168180967
1.164217437
1.165446894
1.163985651
1.165267468
1.171706726
1.164346623
1.167352884
1.166615584
1.164250586
1.167486610
1.162698204
1.167318772
1.163471059
1.167382059
1.166785954
1.166763299
1.165382271
1.168570589
1.164910839
1.164066092
1.166163960
1.171305767
1.163624064
1.167026006
1.170206020
1.166326031
1.164551296
1.165525414
1.169967545
1.167158581
1.163113543
1.163327872
1.162853441
1.161077973
1.167006743
1.163323363
1.161862559
1.164977101
1.166863167
1.168329317
1.163156141
1.166674592
1.167426099
1.161708225
1.168011543
1.161584698
1.161619505
1.167089013
1.167391320
1.167043290
1.165455919
1.165681354
1.163547954
1.166942272
1.170883164
1.168328495
1.163209107
1.168338453
1.168645592
1.167258354
1.165898122
1.167495291
1.178727113
1.164943003
1.164728471
1.163492716
1.163681270
1.167291384
1.166541082
1.166167859
1.163151294
1.161668503
1.176159557
1.164626642
1.165722631
1.167223971
1.168413025
1.165673932
1.166023195
1.167705206
1.170248171
1.165992684
1.168825986
1.163155132
1.165064415
1.164742658
1.161902220
1.163616907
1.159959198
1.165136873
1.165137759
1.170379916
1.168096805
1.169869574
1.165350655
1.167404250
1.167177812
1.167604922
1.167460606
1.168123337
1.161405103
1.165195083
1.163601138
1.164926691
1.162437855
1.163414230
1.162833191
1.162834903
1.167740405
1.167874435
1.166323319
1.171672567
1.165867949
1.166599315
1.165868852
1.165719490
1.164414859
1.165763990
1.173809599
1.164307920
1.164632356
1.171911501
1.165672977
1.166857923
1.168229810
1.160751424
1.166925177
1.168812801
1.164291425
1.163713964
1.164174560
1.164361813
1.167614587
1.163986291
1.164155987
1.163218160
1.165343444
1.165341621
1.165474872
1.165110620
1.162560544
1.161527133
1.170167815
1.164792259
1.165342653
1.166260938
1.169631735
1.163243587
1.166819861
1.166762540
1.164409595
1.166824918
1.165168977
1.167939029
1.162511838
1.163466551
1.161731498
1.169150250
1.167474772
1.164921166
1.163788978
1.166433688
1.168385821
1.167256818
1.165599379
1.168081896
1.165602230
1.166764262
1.169045671
1.167851721
1.166572898
1.163621651
1.165122596
1.168816516
1.162188884
1.164182589
1.162616494
1.164721679
1.164017134
1.165887723
1.162159124
1.169354660
1.165300838
1.168722151
1.162338870
1.163244267
1.166731048
1.167076167
1.164440122
1.162427858
1.162073812
1.164917255
1.169825448
1.167422690
1.166003216
1.167388619
1.169437264
1.162304930
1.162957061
1.166761028
1.164754594
1.162636316
1.166793102
1.166821940
1.170009740
1.164941539
1.169865192
1.163345472
1.165750505
1.167136467
1.165516951
1.163066306
1.166859514
1.165615330
1.163088778
1.167976120
1.165613350
1.169502523
1.164004398
1.164008207
1.165312127
1.164618123
1.167119893
1.169939721
1.169908496
1.164039670
1.163530529
1.169283362
1.164114292
1.166934046
1.169118280
1.171953162
1.166756166
1.168756180
1.165727528
1.164219592
1.162349954
1.167334218
1.165551119
1.169311603
1.166034807
1.169935065
1.171892055
1.163871416
1.161201216
1.168756726
1.166280069
1.170032290
1.168885218
1.167616562
1.166386599
1.169624106
1.166822472
1.166718465
1.163997635
1.165889505
1.169090923
1.166885844
1.169756538
1.163971524
1.171829433
1.166204887
1.164502793
1.165809508
1.169609957
1.163165337
1.165761382
1.171893990
1.165889774
1.167323541
1.162559649
1.166040631
1.166168929
1.166924861
1.171071046
1.161739834
1.165766966
1.167665606
1.166362317
1.167818240
1.168043646
1.167936392
1.165351334
1.165052043
1.168053491
1.164117226
1.174097193
1.166477479
1.164147450
1.166565059
1.164391167
1.165740999
1.165362922
1.166944219
1.166847693
1.163606879
1.167009587
1.169489417
1.163892759
1.166170704
1.169466927
1.162219442
1.167349233
1.163137229
1.171285972
1.164030986
1.161384400
1.165967371
1.162116453
1.163541230
1.163285699
1.167519204
1.168780533
1.165153686
1.161026174
1.167836471
1.166678297
1.165375235
1.165219263
1.164506147
1.168276675
1.165229156
1.164956177
1.161768179
1.164794111
1.163124243
1.171740403
1.164878850
1.165436152
1.165556795
1.165619771
1.170635737
1.168810631
1.165039986
1.166327735
1.165902366
1.164809514
1.165909179
1.167398841
1.164834205
1.164875581
1.163614372
1.167066014
1.167964981
1.166492547
1.166682561
1.168537795
1.163266920
1.167393909
1.165340413
1.164719215
1.167384357
1.162608950
1.172766522
1.165383350
1.161639342
1.166083776
1.165735835
1.162610207
1.167208327
1.164981420
1.163356067
1.164759671
1.161346054
1.164147652
1.164955849
1.167070796
1.169512145
1.166605662
1.162910561
1.161247533
1.167391329
1.168724177
1.167791829
1.165089912
1.161930885
1.162391853
1.164907752
1.166893773
1.168538628
1.168032508
1.167614946
1.164638958
1.161584014
1.164514797
1.164918414
1.161478468
1.165736958
1.167242637
1.169093785
1.163044530
1.164452570
1.165709111
1.165167999
1.168565001
1.162535065
1.165897898
1.163756490
1.172633223
1.167073273
1.168980604
1.166640589
1.162539536
1.166379098
1.164667083
1.165260598
1.165667313
1.170857415
1.160460284
1.162371642
1.164000620
1.167912323
1.164830740
1.163632672
1.164506793
1.164854555
1.163733056
1.165848861
1.163216343
1.162369098
1.167407871
1.172805607
1.164110166
1.167535970
1.164512441
1.163210653
1.168266910
1.162002912
1.164816567
1.164686220
1.166485826
1.165534600
1.165896054
1.163209017
1.165297204
1.165780342
1.164367919
1.163032797
1.166837898
1.164616233
1.165749889
1.164616812
1.163877006
1.165003550
1.167030616
1.168986427
1.166535355
1.166089438
1.163644523
1.167585217
1.167943696
1.167315903
1.162238226
1.164453938
1.167546288
1.172679096
1.166322189
1.166342815
1.166730391
2.316353993
2.314356084
2.315198999
2.310682328
2.316410058
2.312704778
2.314087093
2.314774614
2.314844910
2.315788874
2.319652077
2.315686149
2.319298697
2.316504057
2.313840632
2.313975182
2.314954473
2.313242496
2.314346099
2.313550746
2.317417963
2.313624789
2.313252106
2.311198234
2.313104070
2.316656948
2.311542871
2.313193464
2.312465597
2.312476815
2.317665054
2.313898853
2.313700796
2.312309860
2.313213579
2.313936538
2.315810722
2.315625843
2.323085835
2.313977048
2.311671788
2.316676294
2.313529592
2.311616120
2.310211823
2.317844328
2.317090485
2.313956984
2.310588003
2.318338551
2.314671538
2.316883068
2.312427660
2.314735011
2.312822054
2.314321814
2.312049388
2.311652900
2.318254768
2.314345902
2.316137716
2.316904545
2.313145529
2.315857934
2.312379195
2.316113391
2.311024571
2.314136756
2.309727041
2.318238589
2.325044930
2.315779000
2.312883672
2.314256267
2.314303301
2.313182767
2.312705064
2.315742071
2.316856566
2.315690331
2.316496304
2.315133592
2.313700824
2.310511841
2.317407903
2.311556759
2.315815336
2.314420251
2.312515472
2.310726513
2.318640469
2.312297058
2.315845510
2.313998593
2.316621969
2.316437534
2.315906768
2.314645749
2.315077308
2.325928432
2.314708544
2.316518253
2.315510526
2.316941926
2.310929804
2.313163616
2.315111561
2.312028235
2.316491538
2.326563265
2.312419075
2.315247800
2.314667010
2.318035426
2.314240130
2.312247719
2.311578462
2.313616796
2.314327216
2.318246941
2.313239710
2.309434227
2.316024345
2.317128248
2.314364636
2.315748245
2.312290681
2.316195858
2.311737317
2.315855112
2.311828036
2.312442996
2.320255052
2.313747927
2.317097292
2.316661195
2.311386761
2.313691749
2.314663503
2.316140844
2.320096388
2.314484371
2.316987812
2.319076530
2.315592865
2.314491002
2.313942046
2.315958550
2.311441398
2.317987051
2.314732027
2.311821641
2.311360182
2.311503467
2.316058191
2.312221641
2.312690383
2.312670094
2.312506800
2.312794201
2.313177735
2.310476439
2.317996979
2.314962391
2.318128698
2.313101741
2.312618948
2.316563393
2.312497896
2.317809707
2.316446546
2.314953754
2.314776942
2.315618811
2.313023582
2.317548177
2.316375504
2.314408747
2.311174837
2.311233519
2.316169705
2.314795255
2.316253048
2.314820024
2.313497028
2.315115218
2.311884101
2.313082239
2.317999602
2.309379159
2.316839057
2.314223894
2.315023637
2.311520781
2.315382562
2.331612658
2.315246313
2.313503139
2.316406275
2.314053434
2.312873869
2.313366006
2.312086111
2.317716972
2.313226175
2.316144228
2.313962619
2.313592531
2.309501435
2.328565408
2.326034777
2.325304069
2.313343925
2.312533969
2.312400492
2.319404897
2.310356892
2.314481696
2.317009053
2.310749188
2.312709256
2.310163401
2.315657024
2.317145274
2.312618537
2.317524782
2.315170411
2.311346802
2.315155341
2.311891609
2.317177061
2.316548650
2.315508987
2.314934297
2.312157484
2.318908426
2.317801728
2.315225071
2.315132235
2.310875310
2.317306544
2.315575735
2.312303661
2.318426731
2.313938016
2.315345238
2.316218160
2.316419470
2.309568847
2.313007912
2.315295498
2.321013451
2.312479778
2.314951639
2.313007292
2.315226602
2.313345986
2.313459526
2.315933898
2.325225047
2.309344389
2.314721545
2.314984757
2.312494900
2.316565648
2.311033996
2.311516080
2.317263365
2.315023905
2.317280469
2.323148427
2.317023628
2.313156759
2.315160020
2.314244482
2.314858340
2.318661530
2.317056195
2.313041685
2.314412013
2.317114184
2.313701362
2.314156155
2.316436964
2.315398358
2.318480123
2.317791775
2.312857460
2.315083883
2.310949532
2.311144537
2.314558603
2.318657592
2.313023493
2.312490818
2.310958300
2.310814980
2.315353373
2.313747515
2.312535389
2.312274217
2.310734633
2.315791040
2.314617360
2.317791137
2.310778580
2.310511161
2.317537528
2.312691511
2.317046460
2.315131395
2.319374497
2.321527791
2.317657752
2.319170670
2.315395353
2.317339245
2.316452311
2.315404377
2.318134444
2.312292244
2.318254599
2.313093958
2.310292569
2.314837095
2.319948474
2.311220913
2.315326676
2.314757640
2.312088007
2.317866696
2.319033530
2.312490983
2.315674419
2.312836773
2.314726381
2.315205767
2.313543224
2.311870403
2.313942769
2.312592692
2.316132822
2.317419502
2.317804763
2.316505238
2.315442631
2.315690801
2.314944926
2.315748366
2.313885178
2.314250559
2.317378051
2.314215292
2.316580769
2.317886587
2.317239663
2.311323326
2.313860324
2.319215334
2.313984530
2.314066739
2.317173521
2.316410980
2.317248311
2.315069528
2.315578846
2.315896806
2.312054024
2.314994294
2.311701055
2.311220548
2.312504331
2.312806402
2.319607146
2.313911708
2.311627493
2.315260699
2.313084712
2.317678917
2.313667101
2.313343917
2.311198868
2.311970969
2.312074808
2.321944610
2.311215093
2.311317050
2.315819873
2.314267779
2.314854058
2.310786913
2.319697219
2.315391143
2.320810644
2.314767624
2.317618050
2.314476829
2.316012316
2.316100857
2.315118977
2.317990635
2.307723315
2.314106269
2.317308267
2.312103676
2.311343022
2.313082933
2.312834477
2.318117033
2.312205302
2.315511933
2.311146905
2.320777317
2.313224344
2.312994608
2.316275023
2.316062435
2.312911620
2.315865246
2.319792078
2.318013262
2.313304056
2.317964003
2.317608036
2.318086075
2.314479532
2.315463666
2.315847077
2.314534371
2.315219496
2.313455536
2.319140787
2.315194927
2.316975225
2.313458216
2.311384952
2.312680788
2.313556575
2.312168624
2.313260684
2.312417200
2.313864450
2.313587830
2.313293533
2.319348539
2.311786362
2.310937577
2.317514222
2.311463056
2.318541507
2.315530048
2.314454771
2.314797754
2.313079819
2.318183145
2.317224902
2.314120739
2.311494120
2.320922221
2.314188563
2.314374475
2.311622581
2.318268616
2.315821158
2.315288920
2.313567068
2.313763859
2.316535408
2.313681605
2.309732661
2.316609932
2.311912620
2.323674405
2.312122896
2.316022179
2.316542315
2.311075634
2.315318172
2.315469291
2.315827285
2.312407906
2.311890786
2.317335188
2.313218743
2.312032756
2.313714866
2.315909251
2.315872344
2.311489745
2.315034319
2.313291582
2.314196601
2.313433634
2.311603420
2.312618558
2.312871996
2.314018152
2.315592089
2.309800512
2.315851255
2.311097971
2.312594412
2.312364953
2.311339692
2.314205247
2.314536986
2.316482725
2.314365978
2.311695024
2.315776946
2.312776031
2.314888452
2.311138057
2.315542771
2.311499104
2.314593129
2.317314867
2.312486851
2.315279275
2.313589314
2.318533898
2.312803057
2.314442638
2.313411867
2.311217646
2.318027507
2.316764003
2.317540909
2.313943625
2.312683944
2.315246148
2.316012809
2.316837515
2.316636970
2.314388077
2.309499307
2.316289734
2.315627628
2.317089901
2.316487924
2.316334423
2.312975365
2.318363487
2.312039657
2.312987151
2.309017509
2.314147887
2.313894486
2.317561737
2.317782332
2.315000307
2.315865229
2.312272873
2.315664269
2.312243731
2.314634971
2.309450908
2.317011415
2.314723995
2.316909913
2.310205994
2.313387537
2.314154289
2.315706433
2.317908362
2.317731448
2.312340155
2.313280267
2.313917920
2.314910335
2.313446665
2.311948054
2.315854818
2.316981490
2.313267978
2.313580319
2.322944840
2.315098960
2.316750143
2.311634079
2.317966724
2.313750458
2.314285188
2.319190317
2.316976176
2.310196274
2.315451688
2.314912092
2.312473371
2.315873190
2.329359437
2.308880055
2.312970209
2.312696296
2.313203994
2.314228586
2.315826148
2.317593179
2.316010313
2.318611420
2.313471295
2.312479450
2.310712839
2.312187634
2.311864324
2.314171728
2.315744265
2.311987362
2.314132646
2.317336049
2.314432713
2.311847048
2.312636612
2.319422562
2.310292612
2.321199260
2.312395047
2.315906670
2.313038235
2.312967954
2.312694914
2.316791473
2.315581917
2.313291689
2.317136619
2.311642568
2.317543955
2.313085802
2.313478301
2.314417119
2.316648460
2.315092213
2.314043974
2.313815089
2.318066651
2.309423959
2.313638092
2.312395091
2.314184679
2.315294475
2.311121670
2.313253041
2.319978655
2.315968624
2.316071797
2.314189474
2.314482392
2.319487045
2.313414792
2.318721311
2.315177057
2.318812380
2.315668136
2.311575859
2.308033054
2.310629543
2.315149659
2.314342835
2.313233533
2.311190939
2.315021436
2.313439564
2.310281142
2.315093224
2.319599988
2.312661632
2.313044703
2.315650042
2.310492385
2.312680882
2.318266804
2.310804656
2.318648476
2.313049536
2.312780800
2.309598408
2.315731105
2.318499842
2.320679724
2.315792846
2.313429985
2.319754963
2.317538191
2.311563280
2.313501190
2.313844760
2.317478008
2.314622142
2.310235551
2.311601658
2.312898081
2.315065143
2.318314377
2.314178281
2.313310905
2.312149980
2.315757335
2.313791578
2.316354170
2.317655804
2.312331364
2.318652347
2.310563797
2.315642616
2.309262035
2.312904476
2.310412530
2.313912076
2.311754707
2.313297671
2.313503139
2.315109040
2.311070196
2.324685299
2.316214854
2.328880283
2.311758336
2.318007314
2.323942624
2.313398594
2.311220387
2.315509123
2.310812437
2.316980605
2.315437408
2.310420567
2.312855642
2.314960694
2.314727882
2.318432174
2.322032829
2.311980336
2.316288386
2.313383508
2.314018420
2.313871799
2.314003526
2.309539807
2.315890229
2.314990285
2.316932739
2.316293408
2.318537578
2.313264029
2.315159970
2.314951982
2.318202119
2.316882188
2.317196698
2.317664361
2.309748154
2.314691022
2.312855556
2.311773335
2.314224737
2.317518718
2.310503005
2.310181245
2.311576031
2.318904878
2.332567674
2.314089222
2.315298228
2.316117911
2.314178477
2.313511659
2.314538003
2.311907593
2.315113475
2.312544581
2.316121927
2.317150980
2.312872575
2.310757247
2.317587794
2.314763910
2.317652024
2.312836267
2.315408605
2.317162516
2.309699912
2.318775093
2.314663018
2.318994320
2.315899112
2.316348302
2.311978820
2.311399911
2.318705462
2.314270572
2.317065335
2.312712128
2.314492950
2.321967128
2.312012818
2.317415046
2.313664430
2.311976533
2.314432835
2.312369626
2.314378643
2.315472589
2.316471023
2.316658391
2.316177567
2.309500919
2.314392265
2.318115449
2.318482085
2.315525084
2.316525585
2.317778482
2.317640926
2.320074378
2.319947663
2.311840115
2.312726746
2.311570116
2.315831982
2.314062771
2.315308432
2.320753535
2.311762462
2.309918336
2.318233486
2.311028474
2.313293443
2.317725495
2.312103397
2.311266276
2.313588924
2.314874223
2.311531599
2.313882063
2.311825068
2.313423386
2.315149075
2.316486035
2.312066948
2.313717156
2.319067834
2.309409948
2.317641058
2.312379205
2.313757298
2.315760980
2.310475473
2.311767770
2.322129640
2.313534301
2.314899093
2.318600907
2.314666090
2.311854143
2.315331832
2.316524711
2.316260133
2.313316219
2.316232750
2.311959720
2.314837050
2.314307901
2.317234649
2.316463825
2.315089918
2.315347752
2.312642822
2.311462933
2.313890200
2.314929170
2.318933969
2.313134986
2.316576786
2.314595664
2.315755502
2.312046529
2.309314807
2.312177971
2.315842436
2.317091898
2.315876621
2.313185352
2.314992926
2.315210891
2.310356342
2.318106080
2.315438711
2.316778340
2.316059044
2.311186626
2.316573127
2.315574088
2.315342479
2.314770441
2.312651379
2.312988361
2.313241046
2.317235667
2.314556116
2.315410354
2.312377161
2.312004816
2.311002174
2.313714383
2.318259333
2.317063423
2.312461174
2.313113280
2.314305706
2.321844843
2.318125713
2.314718945
2.318174171
2.314475467
2.315137692
2.316401007
2.314049439
2.315808182
2.312651925
2.312615598
2.310538891
2.313479154
2.313765813
2.317859888
2.314357588
2.316442349
2.312925066
2.311356607
2.316272850
2.315617398
2.315251831
2.311385460
2.314201591
2.313322137
2.315376291
2.316817584
2.313273977
2.311600270
2.312478401
2.315969873
2.316298814
2.313873993
2.316638729
2.314831496
2.314386415
2.311035358
2.316931965
2.311414730
2.314247829
2.313411890
2.313249308
2.315956424
2.314283226
2.311824081
2.314279841
2.308235034
2.312961807
2.311298540
2.327453282
2.310822912
2.313090340
2.313143218
2.313588852
2.310300583
2.312087580
2.310462001
2.312531394
2.314656315
2.312488701
2.312767493
2.314904785
2.312969606
2.310130839
2.322180712
2.317371198
2.321021008
2.314977299
2.312256948
2.312739192
2.312358124
2.315715743
2.315059917
2.312343668
2.312207799
2.311545868
2.318957760
2.311048976
2.316230176
2.313103037
2.316701694
2.314089139
2.314737595
2.314574138
2.314816543
2.312696862
2.318530817
2.316937780
2.313187015
2.314575477
2.312304789
6.907797140
6.912400727
6.907644912
6.907715566
6.901846464
6.905017270
6.906028719
6.908475421
6.906424930
6.906301355
6.910545740
6.908318270
6.907705054
6.907251701
6.912577819
6.903118939
6.908764084
6.906609813
6.912739718
6.911304625
6.909365750
6.906539222
6.907719205
6.902557415
6.908763354
6.906521979
6.914390556
6.903848144
6.910828784
6.911043329
6.908726936
6.901365719
6.909018706
6.906027558
6.905306824
6.907656678
6.908524447
6.906579285
6.908528143
6.908870025
6.906142913
6.905693954
6.907944575
6.905441186
6.905018737
6.910118777
6.904957759
6.905977196
6.908732223
6.907349137
6.903513145
6.908161291
6.903792816
6.903285871
6.907816789
6.903448452
6.911920066
6.905235141
6.908740124
6.911301853
6.906080855
6.904267400
6.900864295
6.906748665
6.902452202
6.906475381
6.907301069
6.911056075
6.903563772
6.911539959
6.910717207
6.911759052
6.903279660
6.908602630
6.907098680
6.906771228
6.907787384
6.908223458
6.904751877
6.903439651
6.906464483
6.905717818
6.904102765
6.911221693
6.905591846
6.910993103
6.907315079
6.906256961
6.908293948
6.909849056
6.907155650
6.904760445
6.911228840
6.909459799
6.909117539
6.905491797
6.908265052
6.905269347
6.909904123
6.904560934
6.916667337
6.901173533
6.907542413
6.912102649
6.908390186
6.908933433
6.902871583
6.914405123
6.905319887
6.911766397
6.908043414
6.908226234
6.904464110
6.902818506
6.910643416
6.908529570
6.914088914
6.904690634
6.908615595
6.906403498
6.905409294
6.904576452
6.908771678
6.901807870
6.909201607
6.909507725
6.902714145
6.906426401
6.903973720
6.907830531
6.909504913
6.903113169
6.908459797
6.911265104
6.906404234
6.906740113
6.905330143
6.908628999
6.909823686
6.908247349
6.906103784
6.909785503
6.908071860
6.903310661
6.911370360
6.909512929
6.913090001
6.904045956
6.906733339
6.911470996
6.909586791
6.902528488
6.908228315
6.905945456
6.905548576
6.908252908
6.906154626
6.905486817
6.909928134
6.902149946
6.904675021
6.912130398
6.906237671
6.905582373
6.907657345
6.910246221
6.902397800
6.906084990
6.905566143
6.906216390
6.910170514
6.904384014
6.909656321
6.900971064
6.906773877
6.903926842
6.910362386
6.909598050
6.906547710
6.910609134
6.903269940
6.912192418
6.909613135
6.904914172
6.912699808
6.908054000
6.906512716
6.911919043
6.908883208
6.903397421
6.907814301
6.902995542
6.906186940
6.906472637
6.908685943
6.906759920
6.908642446
6.910908281
6.908744147
6.905105930
6.908061121
6.912716129
6.908168922
6.912484338
6.904469751
6.906129306
6.909655453
6.909124274
6.911214967
6.903386689
6.903762121
6.906474622
6.909467783
6.904271605
6.908986749
6.905902456
6.907875248
6.909364243
6.903434375
6.910657824
6.906092734
6.903082630
6.907409654
6.907128726
6.905536765
6.909488880
6.911683121
6.914191064
6.905055460
6.908063525
6.913196975
6.909113300
6.913110406
6.905703227
6.904910886
6.904268841
6.907673838
6.905792701
6.901911317
6.904831953
6.909957168
6.904930532
6.910203888
6.906166725
6.902518793
6.909673950
6.911514086
6.905957848
6.907348186
6.905860662
6.906080402
6.909091853
6.907017201
6.906944678
6.908286479
6.903351256
6.906090820
6.908551293
6.912838333
6.908794837
6.904459135
6.909134658
6.909669597
6.904466454
6.906867740
6.906442053
6.910658635
6.903592815
6.901252194
6.909675830
6.903938182
6.908607843
6.908554443
6.910796710
6.915350752
6.906829584
6.904259803
6.910209974
6.910824987
6.908332972
6.908563275
6.912711013
6.907297079
6.902601333
6.909001769
6.904445914
6.908754449
6.910781769
6.909638963
6.904359297
6.910716218
6.910217998
6.905835041
6.904788632
6.915352022
6.913961262
6.904255424
6.905771013
6.909895156
6.904202154
6.907504480
6.911240010
6.909681730
6.901244757
6.908837840
6.908508977
6.907894743
6.905418303
6.903008335
6.905403593
6.904866017
6.908660141
6.901664420
6.910337756
6.910063438
6.904061481
6.908731361
6.903819974
6.906888924
6.903659659
6.909764777
6.909997691
6.905299655
6.909628632
6.913302498
6.905801004
6.908065635
6.906550891
6.909476140
6.904263813
6.904891314
6.907956378
6.906351895
6.905690772
6.902456781
6.907222128
6.909759679
6.902422368
6.907262505
6.905800001
6.904132476
6.908121307
6.906994329
6.906950274
6.909984233
6.910705477
6.908122267
6.908360659
6.906434812
6.932783048
6.903605560
6.907093240
6.907620773
6.908547956
6.909333840
6.907640683
6.906687922
6.908593512
6.908211027
6.916467891
6.915060949
6.900922867
6.908023315
6.906983297
6.910026951
6.908700025
6.910955382
6.904694153
6.910881898
6.908063811
6.907461677
6.908149640
6.909639207
6.901947288
6.904215401
6.910018675
6.909839110
6.905695498
6.910368565
6.906648383
6.908756609
6.903262645
6.903494687
6.900166496
6.906346909
6.903200986
6.905762966
6.902891228
6.907723210
6.904813410
6.905369345
6.904777938
6.906912820
6.906993512
6.911323660
6.906309618
6.906739393
6.907644118
6.905171174
6.917857391
6.909231877
6.902259032
6.905997707
6.909499396
6.902054681
6.904328584
6.912520963
6.906423327
6.905164313
6.904666009
6.903112360
6.902233069
6.911823064
6.907222649
6.908231562
6.908893999
6.907188340
6.910826905
6.912029525
6.910739646
6.910432550
6.910314725
6.907768484
6.906817182
6.905543553
6.904811669
6.901160978
6.903032806
6.909149953
6.905849517
6.917085715
6.902180983
6.906408413
6.908026080
6.907112005
6.906278719
6.910851163
6.909036643
6.916896087
6.909241367
6.906027663
6.906362196
6.902994849
6.907878065
6.909254198
6.911953095
6.912865153
6.912507231
6.909790180
6.901639178
6.909327737
6.909904821
6.911982043
6.905526901
6.908545069
6.908842887
6.902963543
6.907831375
6.911332924
6.909298681
6.907599557
6.903365493
6.904722825
6.904809682
6.910297000
6.909707776
6.910301584
6.904143099
6.906821199
6.904717439
6.904832957
6.906035297
6.908767077
6.907213623
6.903310201
6.914103342
6.905629934
6.908768631
6.905318402
6.909360500
6.904064643
6.909173942
6.910155146
6.908191036
6.909716038
6.903965073
6.912844080
6.907880165
6.905012043
6.906654157
6.914836365
6.902772926
6.903517676
6.909712492
6.905355328
6.906428628
6.910456919
6.905382230
6.903912789
6.905712096
6.906489290
6.906407033
6.906914523
6.907719516
6.907623930
6.908640601
6.910255166
6.908110516
6.905557961
6.907669475
6.903496781
6.912399412
6.907323190
6.906331631
6.906199259
6.904955992
6.905188908
6.905725311
6.910845370
6.907984966
6.905604878
6.906532264
6.918031831
6.907105694
6.911526773
6.906964378
6.906837404
6.911234118
6.905781014
6.905806165
6.906394587
6.901049537
6.910644974
6.910907645
6.906187411
6.905524378
6.904180527
6.906981136
6.907903201
6.908196730
6.911881533
6.909893703
6.911849259
6.902551981
6.908165947
6.912316917
6.908083131
6.906746737
6.912334416
6.910047898
6.909769226
6.903544437
6.910517956
6.909822322
6.905842723
6.905918021
6.906903919
6.906428017
6.905726670
6.903370191
6.907157958
6.903211089
6.904723443
6.910361594
6.903721861
6.908637910
6.907387516
6.907801985
6.908270433
6.900807010
6.905300932
6.905962135
6.914788442
6.903281652
6.906482905
6.906823357
6.908266359
6.908390469
6.906892600
6.906284305
6.905656060
6.908637132
6.908617094
6.905758859
6.909167960
6.905840607
6.905287749
6.904219862
6.906917994
6.911032192
6.909581769
6.909308159
6.907762900
6.905266491
6.907141783
6.908842026
6.903384704
6.909858733
6.907332015
6.911277374
6.905051923
6.906734102
6.905044873
6.906546349
6.903015350
6.910775941
6.904143110
6.907377105
6.910414867
6.909137095
6.906520710
6.906312950
6.906327072
6.911839303
6.910649270
6.915672095
6.906900778
6.905860506
6.905062185
6.907278663
6.910417599
6.907344705
6.907192441
6.902236477
6.907159726
6.908646024
6.913979187
6.904933760
6.906880915
6.910386285
6.905975697
6.915096353
6.907842165
6.910575386
6.906832107
6.912191666
6.907449731
6.904390925
6.908698160
6.902435196
6.906232847
6.906472996
6.905858224
6.906055972
6.910281608
6.911233183
6.908182431
6.904155372
6.901515917
6.905712518
6.909806055
6.909435331
6.906721077
6.907880415
6.909111783
6.913749973
6.910020302
6.902363425
6.905255916
6.907296694
6.909450800
6.905685681
6.905425257
6.914040997
6.907079724
6.906624282
6.907714060
6.909618033
6.907536432
6.906947641
6.904733260
6.908673661
6.911138736
6.908407177
6.907026234
6.906803119
6.909590934
6.902578845
6.910092896
6.908110221
6.905388695
6.900399246
6.907378525
6.910828568
6.910079340
6.904647214
6.906558190
6.907452096
6.911289269
6.907824739
6.906935200
6.908548025
6.913073971
6.910687560
6.908790925
6.906784611
6.906481593
6.912167089
6.907706465
6.910031899
6.909275319
6.907808143
6.909579582
6.908322400
6.906222488
6.905828588
6.907345764
6.910249137
6.908082256
6.907991728
6.905165114
6.913723744
6.908469127
6.908539379
6.909097156
6.908466916
6.909860025
6.906189068
6.912968152
6.909319074
6.908515319
6.906403349
6.920186389
6.906980311
6.912264668
6.902168265
6.906662971
6.902908062
6.909812655
6.901836978
6.910636427
6.907056082
6.903567127
6.904162886
6.905402319
6.905958132
6.905194031
6.909982083
6.903470716
6.909192219
6.906548282
6.909784407
6.905293475
6.906293286
6.904522255
6.907977174
6.907356781
6.907867605
6.899529837
6.906655495
6.906877880
6.907245566
6.901405946
6.909495974
6.910511116
6.902552736
6.908264578
6.904838156
6.903913593
6.910074563
6.903174670
6.906296598
6.905504286
6.909970266
6.906129799
6.899679336
6.912257958
6.904828246
6.905203173
6.912034552
6.906545883
6.910909886
6.917908580
6.910112823
6.914096680
6.906576747
6.907135703
6.907912028
6.906178701
6.905930325
6.907604822
6.908854393
6.904493773
6.912721261
6.911125271
6.910901455
6.909962153
6.903810042
6.903151623
6.907773405
6.908738673
6.901082201
6.909914799
6.913675060
6.903705933
6.903507117
6.908884798
6.913160186
6.903141675
6.902955338
6.911515760
6.907696397
6.906397013
6.910356253
6.904040331
6.907444688
6.908633838
6.900697467
6.904557870
6.907251683
6.907354362
6.910045397
6.903313568
6.906712964
6.908429376
6.912171066
6.911668508
6.909811803
6.902249301
6.905359051
6.913746684
6.906678938
6.907795234
6.905321564
6.907312481
6.909536267
6.904775649
6.911507101
6.907812381
6.909108096
6.905985977
6.906682693
6.902484938
6.904855028
6.902343068
6.912528546
6.903051431
6.906446477
6.910557711
6.907275423
6.904792276
6.909752426
6.904021019
6.909702132
6.913989070
6.906902477
6.906281749
6.908213582
6.902529792
6.907580496
6.908594583
6.908162492
6.903648200
6.905510684
6.908718097
6.909652625
6.911137906
6.909302478
6.913453143
6.905745179
6.904336470
6.904162749
6.905075932
6.906224650
6.909852719
6.907977292
6.905265934
6.908725993
6.909575123
6.909340908
6.907734225
6.904476621
6.906571513
6.905810276
6.909174232
6.907887533
6.903409537
6.907262789
6.907160328
6.910659946
6.906794667
6.911315048
6.905212541
6.913127884
6.912638769
6.908551688
6.906685983
6.909035290
6.907711171
6.905709888
6.909812115
6.909524352
6.904331183
6.907962049
6.903452944
6.913275771
6.910874010
6.905674937
6.910539850
6.905928830
6.911076655
6.906909149
6.902202318
6.903976763
6.908997129
6.906473837
6.911248332
6.910551483
6.907227508
6.906479741
6.909179249
6.910547111
6.901871390
6.907636320
6.900399844
6.907505489
6.905576620
6.905158604
6.903119567
6.914988655
6.909000006
6.909915693
6.906463661
6.903090889
6.909874833
6.907872900
6.904469306
6.908715304
6.909993170
6.906598503
6.908976221
6.907653575
6.906917305
6.905690913
6.908868554
6.906083694
6.906450443
6.907642095
6.910252639
6.906152102
6.907602748
6.905515638
6.907099469
6.902915559
6.905952434
6.905222921
6.906203893
6.906635958
6.904127190
6.905422245
6.904379936
6.906540395
6.905051215
6.909874508
6.907388310
6.911489071
6.903145921
6.904136420
6.911882228
6.910726342
6.912583531
6.907015222
6.908977319
6.903899223
6.911287194
6.907949303
6.911804995
6.905851516
6.910427150
6.907547960
6.914014623
6.909537205
6.906835095
6.905836790
6.909199521
6.910223537
6.909774540
6.909677908
6.905393529
6.907835974
6.902229542
6.907180048
6.912895689
6.905095987
6.908398888
6.907178801
6.904597816
6.904251662
6.906502463
6.909440051
6.908018936
6.913504275
6.904113955
6.905324395
6.903428750
6.906879861
6.907517123
6.904325748
6.906941163
6.907060018
