1.374225477
1.368064131
1.368607798
1.369882773
1.366803489
1.368113400
1.370009337
1.368260660
1.369253050
1.368805264
1.369075845
1.368984830
1.368572970
1.368564048
1.368234982
1.368672906
1.369951416
1.368305131
1.369447682
1.368683819
1.368405278
1.369226885
1.369670198
1.369220853
1.367999366
1.368699270
1.370196132
1.368001434
1.369341050
1.366362076
1.368716524
1.368271320
1.368440752
1.368084254
1.368378727
1.368263963
1.370490665
1.367480773
1.367830497
1.366588963
1.366768078
1.369649812
1.368860657
1.368278758
1.367633995
1.369043151
1.369408474
1.369213752
1.369486831
1.367555660
1.369513479
1.368440118
1.369783659
1.369219171
1.369664539
1.368269046
1.369632076
1.368696134
1.368092333
1.368396954
1.369496646
1.370137180
1.368425636
1.368564843
1.368518900
1.366557413
1.367133497
1.368433827
1.369979125
1.368828020
1.368780851
1.368547787
1.366732140
1.370179832
1.368913782
1.368493199
1.367974736
1.367604967
1.367620343
1.370510909
1.368845182
1.368129283
1.367576404
1.367849869
1.369107986
1.368556243
1.368658516
1.369617060
1.366597876
1.369082744
1.369352920
1.367593270
1.369105211
1.370200762
1.366793126
1.368124358
1.368294022
1.369161206
1.367281541
1.370461568
1.368825764
1.368501648
1.367585600
1.369118631
1.367131728
1.368002376
1.368811402
1.369947000
1.366373314
1.369128943
1.368394551
1.369676573
1.366631177
1.368636598
1.369963249
1.369370409
1.367516863
1.370474346
1.368033232
1.369941063
1.368042130
1.368563978
1.368053547
1.370230618
1.368437854
1.368459204
1.370183157
1.366320307
1.367564609
1.369381183
1.368729908
1.370508378
1.366774558
1.369204368
1.368915320
1.369101793
1.368559498
1.366950206
1.367976885
1.368844266
1.368551322
1.366279453
1.369270681
1.369691783
1.367600110
1.368608830
1.370155858
1.367588141
1.368250190
1.367983302
1.368814452
1.369591100
1.366736817
1.368377225
1.368525261
1.369359424
1.366844914
1.368538724
1.369136476
1.370030417
1.367323846
1.369634195
1.366603173
1.368268255
1.369936363
1.370170707
1.367360362
1.370327635
1.367396819
1.369439096
1.369382616
1.368507424
1.366744620
1.369135359
1.369381758
1.368696931
1.367543466
1.368331360
1.369165015
1.369309638
1.367206053
1.367860711
1.369212471
1.366744593
1.368382879
1.368222847
1.368676734
1.368246412
1.368312788
1.369200646
1.370764653
1.367986463
1.368809677
1.366707234
1.366570391
1.368410944
1.368535337
1.367027447
1.368325143
1.368281040
1.368737713
1.368828335
1.369903590
1.367146102
1.367875631
1.368419460
1.368561872
1.368911823
1.369223719
1.368807911
1.370201497
1.366394028
1.368645698
1.370159714
1.368644776
1.368509107
1.369715770
1.367123288
1.369018898
1.369073995
1.367384902
1.368840175
1.369921989
1.368310826
1.369950449
1.368076254
1.369407185
1.368067044
1.368685853
1.366614173
1.369610873
1.368550318
1.368798430
1.368850912
1.370234384
1.367247024
1.367362272
1.370190373
1.367637941
1.368797638
1.369088898
1.369126582
1.367132703
1.369212398
1.368782450
1.367868062
1.369425608
1.367553489
1.367588969
1.369353819
1.368634944
1.368535859
1.366321857
1.369608299
1.368579637
1.368689747
1.368824996
1.369134108
1.367173222
1.368392386
1.366288000
1.370451440
1.368649266
1.369146848
1.369428071
1.368520662
1.368283356
1.368800458
1.369420434
1.368773503
1.368382151
1.368820013
1.367102545
1.367863188
1.368393364
1.368772726
1.367980649
1.370208986
1.368783927
1.368015340
1.368856895
1.368412861
1.369607408
1.368596783
1.369459642
1.368587618
1.368845064
1.366264206
1.367861782
1.369075628
1.366971125
1.368814586
1.369904496
1.368126233
1.370219606
1.368839953
1.369441506
1.368029955
1.368723141
1.368135460
1.368642569
1.366714109
1.368846291
1.368377270
1.369631904
1.370000937
1.367161820
1.368803105
1.368674357
1.368100586
1.367850508
1.369224374
1.369682442
1.368243136
1.369227260
1.366601735
1.368681524
1.368236997
1.368776644
1.369644277
1.368825180
1.368413301
1.370321068
1.368417357
1.366339074
1.368377482
1.369428213
1.367436220
1.368617057
1.368894211
1.369672645
1.369091389
1.369089058
1.366276623
1.368286786
1.368132500
1.369390669
1.368803415
1.367566657
1.369158150
1.369893412
1.366263956
1.368688096
1.368590469
1.368874212
1.368658145
1.369136286
1.366930997
1.369969337
1.369416716
1.368211932
1.369906064
1.368704343
1.369114677
1.367163877
1.369635933
1.369399717
1.367432389
1.369916124
1.368546577
1.368540550
1.367406165
1.368677482
1.368231978
1.368782568
1.366841687
1.368170909
1.368025345
1.366302378
1.368865187
1.366759126
1.367001040
1.367978100
1.368624024
1.366341857
1.367413649
1.367845206
1.367465946
1.367600923
1.368244437
1.367582919
1.369685336
1.368955719
1.368389262
1.368546941
1.366307637
1.368915562
1.367863973
1.370743448
1.368440994
1.368097522
1.368773792
1.368870493
1.368560134
1.366596891
1.366446410
1.368036277
1.368080974
1.370147664
1.368355002
1.369525722
1.366342215
1.369660383
1.366293592
1.368364678
1.370227613
1.369936804
1.367553087
1.369401088
1.368529899
1.369613716
1.368479710
1.370519148
1.367991855
1.369203676
1.369687332
1.369200055
1.368685873
1.366430972
1.366581026
1.366727856
1.367745253
1.367898681
1.368575197
1.369494523
1.368647699
1.369384472
1.367567262
1.368417295
1.369667994
1.369105094
1.370429749
1.371203513
1.368237246
1.369264373
1.370428008
1.368602067
1.369215341
1.368692301
1.369250990
1.366887308
1.370690350
1.367415475
1.366928987
1.366808195
1.366636355
1.368439693
1.368998025
1.370311402
1.368863567
1.369609547
1.367418158
1.368845006
1.369954172
1.368364400
1.369637751
1.369134417
1.369926608
1.367392743
1.369365472
1.369129741
1.366286003
1.369125666
1.366759547
1.368240825
1.369626464
1.368531450
1.367880880
1.368444687
1.369213676
1.366326164
1.368681846
1.368054184
1.368758716
1.369068688
1.369288367
1.367545746
1.367974200
1.369686791
1.367822468
1.369432840
1.370191142
1.370221669
1.370229836
1.367526194
1.369882935
1.368651851
1.368351851
1.370453092
1.368845358
1.369651808
1.367112990
1.368806886
1.370198409
1.366298471
1.368600860
1.369065927
1.369253367
1.368881617
1.369279921
1.368757112
1.369706603
1.368973617
1.370448194
1.368730981
1.370500875
1.368380137
1.370783057
1.368350383
1.369891392
1.367117070
1.368906456
1.369115259
1.366295214
1.368650975
1.366353311
1.367976410
1.368841192
1.369079962
1.369363033
1.366360571
1.366341012
1.368269227
1.368566959
1.368831773
1.368663727
1.368126540
1.368352463
1.367405809
1.369363223
1.367429559
1.369056140
1.368387489
1.367571166
1.369358637
1.369667325
1.367139741
1.369356186
1.369147312
1.367971190
1.369527004
1.367400349
1.370187114
1.367997322
1.369709394
1.369078955
1.367190462
1.369366994
1.369378606
1.368137861
1.368057216
1.369190785
1.370286300
1.368318861
1.368845558
1.370211076
1.367296615
1.369784891
1.366347984
1.368652293
1.370218575
1.368396534
1.368273133
1.369653640
1.366580061
1.369676509
1.367430150
1.370236405
1.370247559
1.369102207
1.368247615
1.368512059
1.366520049
1.366994119
1.369569444
1.368575633
1.366339071
1.367048022
1.368589847
1.369088785
1.368302148
1.367810353
1.369350914
1.369098879
1.368240910
1.369367031
1.370456150
1.368436261
1.370486347
1.368505443
1.368521513
1.369613881
1.370341944
1.369670924
1.368788468
1.369371925
1.366367338
1.368895832
1.368420282
1.368394467
1.368527114
1.367583501
1.368228742
1.369779410
1.368833609
1.368923081
1.369178677
1.368374312
1.368398436
1.370460152
1.367728402
1.368553863
1.369362893
1.368673968
1.367958564
1.367594855
1.368018459
1.370504262
1.367988822
1.369070500
1.368563768
1.366350742
1.368223198
1.368806955
1.367948896
1.369088957
1.368713976
1.368830230
1.367327521
1.367814695
1.368540996
1.367825327
1.368714271
1.368547142
1.368538259
1.370214788
1.368240437
1.367843129
1.368131775
1.368860040
1.369359434
1.369908640
1.368679400
1.368252526
1.369959530
1.366279173
1.369897420
1.367953395
1.369062886
1.368707961
1.369401795
1.369344687
1.367181427
1.369346587
1.368581477
1.367415962
1.368686021
1.368516781
1.367630061
1.367968757
1.368184949
1.368556692
1.369040846
1.367597693
1.369957475
1.368729243
1.369658749
1.366994159
1.368169306
1.368038048
1.366291836
1.369377815
1.367161460
1.370281879
1.370132731
1.368021735
1.366373936
1.368631852
1.368177483
1.367866518
1.369528564
1.368690014
1.368811826
1.368731305
1.369102558
1.368624450
1.369094870
1.367355855
1.368821608
1.369258734
1.367880825
1.366349768
1.369115556
1.368375643
1.367573372
1.367807099
1.368241758
1.370478715
1.368615146
1.368527155
1.368221574
1.370544603
1.366567373
1.369708978
1.367255690
1.369927839
1.368468524
1.368784424
1.368817062
1.368439085
1.368571977
1.367202546
1.368388153
1.368897201
1.369381499
1.368514608
1.368415972
1.368700776
1.369108599
1.367178132
1.369339371
1.367762836
1.369363889
1.370160047
1.368058188
1.369986692
1.369965202
1.367620135
1.368122091
1.369688813
1.369090571
1.369080407
1.367173413
1.367855889
1.370539230
1.366556904
1.369381059
1.366756536
1.370805778
1.367695106
1.369371033
1.368214314
1.369340605
1.369135122
1.368509331
1.370173499
1.368120925
1.366630860
1.368801950
1.368488519
1.368265564
1.368485973
1.366769581
1.368788747
1.368080787
1.368827233
1.369889471
1.367606417
1.370188007
1.368878098
1.366561582
1.369231621
1.368896701
1.369948306
1.368011179
1.369318098
1.366316734
1.368855762
1.369885786
1.368131774
1.368370457
1.369957089
1.368614235
1.370433040
1.366544194
1.368473187
1.369670014
1.367219653
1.366816749
1.368783613
1.368376567
1.367586294
1.369192298
1.369402694
1.369383950
1.366303110
1.368667736
1.368487427
1.366849943
1.366330381
1.369229981
1.369620329
1.368685647
1.368680112
1.368402532
1.368242162
1.370181828
1.368148565
1.366777786
1.368329700
1.370535862
1.369589609
1.369717816
1.368721024
1.368411895
1.370129898
1.368405607
1.369286123
1.366309273
1.369395828
1.368515738
1.368230641
1.367855392
1.369221135
1.369078114
1.367333079
1.369526245
1.366910321
1.369414342
1.368274918
1.369386112
1.366285855
1.368456508
1.368079358
1.368400310
1.368505706
1.368690990
1.368584095
1.369338502
1.369116843
1.368262993
1.368806416
1.369410769
1.368538947
1.369896554
1.367828926
1.368080434
1.368890631
1.369922379
1.368232493
1.367754814
1.369358062
1.368280583
1.366843816
1.370500689
1.368440778
1.368555543
1.368515275
1.369885680
1.366985897
1.366743163
1.369528523
1.368153342
1.368833144
1.368128725
1.369482177
1.369386125
1.367438326
1.369906206
1.368286324
1.368842947
1.370438759
1.368007855
1.369220566
1.370198518
1.368546213
1.368700547
1.367891883
1.370418304
1.368962016
1.368281159
1.369358021
1.368682165
1.370471049
1.368716696
1.368356830
1.368233270
1.368725663
1.369259267
1.368803889
1.366323886
1.369091146
1.368875121
1.369331712
1.367449168
1.369979772
1.368941328
1.368430715
1.370445913
1.368578790
1.366904838
1.369476819
1.368435425
1.368403876
1.367611415
1.367584998
1.369626594
1.369476404
1.368021978
1.368393893
1.367367842
1.368370063
1.368048218
1.368327006
1.368884616
1.369919927
1.366296726
1.368780984
1.369882100
1.367813387
1.368139546
1.368640788
1.367568382
1.368293990
1.369631409
1.368746514
1.368401344
1.366274527
1.369097078
1.369215860
1.369392099
1.368808488
1.368676876
1.368704612
1.368546323
1.368523796
1.367162141
1.369115893
1.368281605
1.367763904
1.369562210
1.369944820
1.367594585
1.367586687
1.367828753
1.368106586
1.370538220
1.368667575
1.369228795
1.367824650
1.369684011
1.366873163
1.369073877
1.366619791
1.366301269
1.368717527
1.368803475
1.366291845
1.368692348
1.366719460
1.368599074
1.369394121
1.369177902
1.366816748
1.369382474
1.368536939
1.369509060
1.368223040
1.368967486
1.367577841
1.369344968
1.368651358
1.368662655
1.369051733
1.368427111
1.368424570
1.368626406
1.368685385
1.368547940
1.368726142
1.370474408
1.368813692
1.369652615
1.368428224
1.369856016
1.370492715
1.368806515
1.368060537
1.369385489
1.367629171
1.367826104
1.368410561
1.368397893
1.368520553
1.367156318
1.368954402
1.368663359
1.368497030
1.366863016
1.368135716
1.368371038
1.369540511
1.366856126
1.369712684
1.367428881
1.368840967
1.367991126
1.367543559
1.370793121
1.368397252
2.724055212
2.726218651
2.725347701
2.724402700
2.725640969
2.725413683
2.723124822
2.725775615
2.724400768
2.725875724
2.723938362
2.726086215
2.724580123
2.727397350
2.725869210
2.725364116
2.723528785
2.731633659
2.723142176
2.724766665
2.725621148
2.725466290
2.725132464
2.723999042
2.725664326
2.726701459
2.725477552
2.723123009
2.725196649
2.726020692
2.724125098
2.723990088
2.726014154
2.726466378
2.724518571
2.725734634
2.724805713
2.726742391
2.725604175
2.723131339
2.724445323
2.725539596
2.725362652
2.726162501
2.725583813
2.726077495
2.725193613
2.724927738
2.724636804
2.725838714
2.723952096
2.725333539
2.727596612
2.725109249
2.723751945
2.725724519
2.725929503
2.725333803
2.725919558
2.724665474
2.725924328
2.727048214
2.726076096
2.725679334
2.725304278
2.725662597
2.726209250
2.726148456
2.726025379
2.723716242
2.726162908
2.726045307
2.726549884
2.723192672
2.725118685
2.725594210
2.724844771
2.725393119
2.724407017
2.725476352
2.725606119
2.725911976
2.724627062
2.724419727
2.725251713
2.725471375
2.723168796
2.725763200
2.726165927
2.726413178
2.725978211
2.724937219
2.725364537
2.726363911
2.724987323
2.725539969
2.727069673
2.723628210
2.723590201
2.724846068
2.724663953
2.724417960
2.724804374
2.723185837
2.725754152
2.725377661
2.726135761
2.726163942
2.725354828
2.725728064
2.725548164
2.725457607
2.723085438
2.724803320
2.726397657
2.726239663
2.725970550
2.725118475
2.725217393
2.727076139
2.726473815
2.723176274
2.725713444
2.726142090
2.725648244
2.725195061
2.724912603
2.725514707
2.726058352
2.724076815
2.725340993
2.723113149
2.725326662
2.723564855
2.726474446
2.724887777
2.726134501
2.724017293
2.724711009
2.725892876
2.725385069
2.725609900
2.726789014
2.725316485
2.726204268
2.725484447
2.724056117
2.724425110
2.725938340
2.726740514
2.725374743
2.724838273
2.725769846
2.725902996
2.725213747
2.725916368
2.727599121
2.725312483
2.724934827
2.724154131
2.727269766
2.725381106
2.725757527
2.725846282
2.724445397
2.725927168
2.723743472
2.724908472
2.725378467
2.725985240
2.723641199
2.725883073
2.725225531
2.726173179
2.725380800
2.725078137
2.724883149
2.726125819
2.725327893
2.724236774
2.726353764
2.725559309
2.725235851
2.725549297
2.726578673
2.724041091
2.727832594
2.724462745
2.726999151
2.725304859
2.723094254
2.724047396
2.727083650
2.724362137
2.724821419
2.725032169
2.726044366
2.725444686
2.727294177
2.725548160
2.725645989
2.726162755
2.726168407
2.727274271
2.725865625
2.723165804
2.724714873
2.725415762
2.723655127
2.723089745
2.726105790
2.724713422
2.725377075
2.724541102
2.725076334
2.727226000
2.725668275
2.726259161
2.723527876
2.725967067
2.723696352
2.726059404
2.723131273
2.726149726
2.727052308
2.725687607
2.723540465
2.723589063
2.727326819
2.725333902
2.725572378
2.723752661
2.725309782
2.724455131
2.726400812
2.725321135
2.723178765
2.726736754
2.725357327
2.725840935
2.727264817
2.725952660
2.723616036
2.725373912
2.725387107
2.724523109
2.726393519
2.724353266
2.725143615
2.725626981
2.726452378
2.723613956
2.725721639
2.725587413
2.727485686
2.725476653
2.723141675
2.725275952
2.724886137
2.725690625
2.727283449
2.726142632
2.725731601
2.723970004
2.726760320
2.725142310
2.723138181
2.724376857
2.725183395
2.726752547
2.725620493
2.725659696
2.724683181
2.724913787
2.724742646
2.725900045
2.725588098
2.723738811
2.724060516
2.724039735
2.725961335
2.724952698
2.726776317
2.723101473
2.726780721
2.725396561
2.725537369
2.724848819
2.725378671
2.725735531
2.725026306
2.724939254
2.725617243
2.727043613
2.727066894
2.726218661
2.723153976
2.724381763
2.724718595
2.725169160
2.723705950
2.725642185
2.723735804
2.726644606
2.723132313
2.725805903
2.725907334
2.724806177
2.725774980
2.726574823
2.725460423
2.725774008
2.725094150
2.724256412
2.725048791
2.726041973
2.726466713
2.725888692
2.726019639
2.726700864
2.725647389
2.726492693
2.723118547
2.725750621
2.726150940
2.725927375
2.725241904
2.725269671
2.725900449
2.723616427
2.724807124
2.726583781
2.723121025
2.723210162
2.727287257
2.725782544
2.726197870
2.727267055
2.726478098
2.726763399
2.725360347
2.724828600
2.727231595
2.726195200
2.725659155
2.727053121
2.725354867
2.723226947
2.726151739
2.727291255
2.726867799
2.725288769
2.726596883
2.723560335
2.727018329
2.724451578
2.724638841
2.725572613
2.725569487
2.725717074
2.723177695
2.725683524
2.724816636
2.726165773
2.725484301
2.727066102
2.725328006
2.727310537
2.727042248
2.723983308
2.725664683
2.724822409
2.725221877
2.725012383
2.723116442
2.725887794
2.726387475
2.725441098
2.725579103
2.725674527
2.726144503
2.724518355
2.725305967
2.725169127
2.725321988
2.723974385
2.725335285
2.725226966
2.724934295
2.725599477
2.726722149
2.724903942
2.727311213
2.725935646
2.725360198
2.725091753
2.725475773
2.725313175
2.725174970
2.723195757
2.725359689
2.726180666
2.724090670
2.724409796
2.727070422
2.726231373
2.727881251
2.726446290
2.724675025
2.727027146
2.725613334
2.725451848
2.725407289
2.724015134
2.727604692
2.727316705
2.725575224
2.727065817
2.726191704
2.725372682
2.723689510
2.725860517
2.727267655
2.724875336
2.724055720
2.724707649
2.726557446
2.723160130
2.724462781
2.725297348
2.726096941
2.724813815
2.727082434
2.724835057
2.726548061
2.724428533
2.726012805
2.726999989
2.725314228
2.724489810
2.726741647
2.724295543
2.725331785
2.726114355
2.726160346
2.724837018
2.725646855
2.725385327
2.724017252
2.726613736
2.723985068
2.725923966
2.726968277
2.726077233
2.724785202
2.725665801
2.725357394
2.723515775
2.724420061
2.724622983
2.726621844
2.723131617
2.723655457
2.726691091
2.727868202
2.725648894
2.725760846
2.724869370
2.724782439
2.725654100
2.726073260
2.724594643
2.725262324
2.726009786
2.725215110
2.725207646
2.726463253
2.725466489
2.725743733
2.724854126
2.724654788
2.725879149
2.725370608
2.725461168
2.724800974
2.726475487
2.727359728
2.725192949
2.725327222
2.727866104
2.724387226
2.726704102
2.724805725
2.725337502
2.725700366
2.726990316
2.723176893
2.727307933
2.726952251
2.723705078
2.724919042
2.726191529
2.725350061
2.724457075
2.727063761
2.724807914
2.726980994
2.726618463
2.727628236
2.727046008
2.726019487
2.724240432
2.727223583
2.724906414
2.723147677
2.725987060
2.725942047
2.726145390
2.726745607
2.725819055
2.727240018
2.725170296
2.725231801
2.726762346
2.725462145
2.725658176
2.727941077
2.725573133
2.723151053
2.726212528
2.727288433
2.726998702
2.726092672
2.723116316
2.725270945
2.723491274
2.725595317
2.725823975
2.727831325
2.727055636
2.726691557
2.725633184
2.724921423
2.726059771
2.726993163
2.724887689
2.726070952
2.726139816
2.724343161
2.725481499
2.726164785
2.725595792
2.724358211
2.725438389
2.726430306
2.725175422
2.725993836
2.725643468
2.724939648
2.724984279
2.723515720
2.725972419
2.725068484
2.725939295
2.726651012
2.724435388
2.725917027
2.723971914
2.724910053
2.726186704
2.724146324
2.726071551
2.723711294
2.725290011
2.725882729
2.727084961
2.726255401
2.724189978
2.724678553
2.725406203
2.726970402
2.725907227
2.725758751
2.725191259
2.726198916
2.723130116
2.726720760
2.725608418
2.723736859
2.727798016
2.725698008
2.725888601
2.726470843
2.726176201
2.724852693
2.726681182
2.725250145
2.723498915
2.725273047
2.725525731
2.726964834
2.725455589
2.727006401
2.725635505
2.723205212
2.726741138
2.724943599
2.725351417
2.725470158
2.724195898
2.726118290
2.724070888
2.725208443
2.725518022
2.725348274
2.724966044
2.726168352
2.726026267
2.723638856
2.725706102
2.725151149
2.727518079
2.725372122
2.725437861
2.725910731
2.723666211
2.725608236
2.723982588
2.725968377
2.725207785
2.723629456
2.726075071
2.723141799
2.726677900
2.727313563
2.725579991
2.725833152
2.724128616
2.724992975
2.725280008
2.724113575
2.725873912
2.723989792
2.725404869
2.723523290
2.724081976
2.726057725
2.726409273
2.725434108
2.726119112
2.725720303
2.725965726
2.725896151
2.723934462
2.726000599
2.726153839
2.723684890
2.724754680
2.725078654
2.724249170
2.725544820
2.723078672
2.725928431
2.724273477
2.726712699
2.724955044
2.725114398
2.725916230
2.725489271
2.724671091
2.727846878
2.725570872
2.725250970
2.725584906
2.727302210
2.725899124
2.725732288
2.723173192
2.725362861
2.726427752
2.725895638
2.725433878
2.724522962
2.726467705
2.725285690
2.723689810
2.724383726
2.724846681
2.726194231
2.726196893
2.724558856
2.727083487
2.725435538
2.727602931
2.724933225
2.724356932
2.725628689
2.726023374
2.727036617
2.726572529
2.724804546
2.726436362
2.725474932
2.727525900
2.726276942
2.725262191
2.725224530
2.725848001
2.725866521
2.723172911
2.724311637
2.724799396
2.725522527
2.725381639
2.723140914
2.724911599
2.725641246
2.725119224
2.727365798
2.725139676
2.725230809
2.726049034
2.725210777
2.726627864
2.724105149
2.725433523
2.727017285
2.726571531
2.723961220
2.727464790
2.723911597
2.725930081
2.725079537
2.726033282
2.724794851
2.726518321
2.725949796
2.723172434
2.725925024
2.723967143
2.725271144
2.724447099
2.724674881
2.725893637
2.724988188
2.725993634
2.726537487
2.725311258
2.724115356
2.724899750
2.725053307
2.725516030
2.723550688
2.727014586
2.724185924
2.724907323
2.726672040
2.725659701
2.726156024
2.723642660
2.723624987
2.727344514
2.726010192
2.725076840
2.726761947
2.725564801
2.725717540
2.725881131
2.724920485
2.727364408
2.727363813
2.725295532
2.725894494
2.725947175
2.727085393
2.723625837
2.726119832
2.723961444
2.727755534
2.725321472
2.724107464
2.725319701
2.727967211
2.724609190
2.723134965
2.727057839
2.725834581
2.725080922
2.725684543
2.724800660
2.726272470
2.724977160
2.726717822
2.724292728
2.724978507
2.725631625
2.726070036
2.724830767
2.724822380
2.727732491
2.725332786
2.726459802
2.726765209
2.724384975
2.726242870
2.725892075
2.724357252
2.725183423
2.725174012
2.725891143
2.727268478
2.726853141
2.726237391
2.726679084
2.725245380
2.726527470
2.724393564
2.725655947
2.725947384
2.725634910
2.726216344
2.725356536
2.724960153
2.724700706
2.725331646
2.723661714
2.727318887
2.725384182
2.724262337
2.726135767
2.725290083
2.726456135
2.724125134
2.724891378
2.725082086
2.725328376
2.725212278
2.726489213
2.723792822
2.724703635
2.726041583
2.723621098
2.725644102
2.725285599
2.724801314
2.726978623
2.726332698
2.726195826
2.724393443
2.723612642
2.725304068
2.725034647
2.724595116
2.725266174
2.725414820
2.723571931
2.727050513
2.725378911
2.725611246
2.726073531
2.725128355
2.724645435
2.725874736
2.725912779
2.725218805
2.723054538
2.726205973
2.726599133
2.725787585
2.725977236
2.723610126
2.725930093
2.724777440
2.725358098
2.724161760
2.723172511
2.725627291
2.727502754
2.727259273
2.727050535
2.724078477
2.723153258
2.727289555
2.725678643
2.725732242
2.725613699
2.724701111
2.727791605
2.727327213
2.725755937
2.725679691
2.725955864
2.724546514
2.724879814
2.724662366
2.725239806
2.724364573
2.726590758
2.727516744
2.726412287
2.725229723
2.725314111
2.725028303
2.726003279
2.725495761
2.724782674
2.725331697
2.726765988
2.725244117
2.725884011
2.724039417
2.726763330
2.723621731
2.725936805
2.725362864
2.726735245
2.727549835
2.725667105
2.726011816
2.726508144
2.725855772
2.725282244
2.726258711
2.725905357
2.724555659
2.724865145
2.726024248
2.724411314
2.725521890
2.725842062
2.723958635
2.726161911
2.724073165
2.726186580
2.725935048
2.723206439
2.725865717
2.727477740
2.726066895
2.725457840
2.725498258
2.726021243
2.723720687
2.725185525
2.725328148
2.727283901
2.726353954
2.725912992
2.725225004
2.725312241
2.725091171
2.726156488
2.724260270
2.725744291
2.725487253
2.726070042
2.726048738
2.726507342
2.726059004
2.726429973
2.725314800
2.725013237
2.725485911
2.725858550
2.724664896
2.727267826
2.724113993
2.726120869
2.724852781
2.725218098
2.725472437
2.725987351
2.723135014
2.724350535
2.726708593
2.726218939
2.726714977
2.725594810
2.726112992
2.725368209
2.726168476
2.725328202
2.725918524
2.725230743
2.724817385
2.724389229
2.725934827
2.728255614
2.725631766
2.725248762
2.725237329
2.725944273
2.723655958
2.725573743
2.725605188
2.723932454
2.727037514
2.727250650
2.726186294
2.724258127
8.149319922
8.149065982
8.153948884
8.150992403
8.153330389
8.150378327
8.151795421
8.152098946
8.152362937
8.151956696
8.151584075
8.154417167
8.153062076
8.150102248
8.152138836
8.151108265
8.151421708
8.149129881
8.154143698
8.151373861
8.152851636
8.154146111
8.150457611
8.152963816
8.150816247
8.150786862
8.150926082
8.151604299
8.149551131
8.151068804
8.152215169
8.155146551
8.151899661
8.152038976
8.149407618
8.153457994
8.150208980
8.152832923
8.150677012
8.151421829
8.150767316
8.152986803
8.151425206
8.150072080
8.149995267
8.150808895
8.151910741
8.150763169
8.153287824
8.150427649
8.150707461
8.149322723
8.154073393
8.153073457
8.150470709
8.150970408
8.150582777
8.152555783
8.150810105
8.152220817
8.153702566
8.152026231
8.151307248
8.151412511
8.152337186
8.152186171
8.149735544
8.151665940
8.151627784
8.152472306
8.151184963
8.153845399
8.152724629
8.152072004
8.152180917
8.151554804
8.153848109
8.150460905
8.150860288
8.152798858
8.151922251
8.150761293
8.153166991
8.150108743
8.150139482
8.150845354
8.150864819
8.150081175
8.150774326
8.151675289
8.150407835
8.153684156
8.151324718
8.153539674
8.152215580
8.149713461
8.150824927
8.151371329
8.149367930
8.150460471
8.152964871
8.151719867
8.151861663
8.151355932
8.151644444
8.150386284
8.153894419
8.153196256
8.157826305
8.158488933
8.149267566
8.150992472
8.151702765
8.151541942
8.151558702
8.151394479
8.152946281
8.152292835
8.151750660
8.149067096
8.153426563
8.152153099
8.150788127
8.152315086
8.151285542
8.150896947
8.152007552
8.150381120
8.154838970
8.152927437
8.151159400
8.154856575
8.151796004
8.150849594
8.152182014
8.149749910
8.152078979
8.154330180
8.151521058
8.152385295
8.151325014
8.151903267
8.150964061
8.151589838
8.151462290
8.149235698
8.152161632
8.150336708
8.154733685
8.152135501
8.152646866
8.150857898
8.150654576
8.150387454
8.149177406
8.152158732
8.149169058
8.152082220
8.152755294
8.149839978
8.153119895
8.150950354
8.154783336
8.152641441
8.151599179
8.150957161
8.152046847
8.149731757
8.150835220
8.153724208
8.150946572
8.149350992
8.151101282
8.153350497
8.152011672
8.152308292
8.151407617
8.151363372
8.152974605
8.151872853
8.149127210
8.153948550
8.151151083
8.149119951
8.153475763
8.151743576
8.150125934
8.149796082
8.154396949
8.152244473
8.152032855
8.149233582
8.152515545
8.150394498
8.154024213
8.153123556
8.151173529
8.150904379
8.152085895
8.152968058
8.150524710
8.152956294
8.151266638
8.154391632
8.150445473
8.152919546
8.151210489
8.151037018
8.150729273
8.150899799
8.150661362
8.152687576
8.150656200
8.149674544
8.153432113
8.150276547
8.149117344
8.152448384
8.153048857
8.152292143
8.151442875
8.150380556
8.154424538
8.151754155
8.150239915
8.149185612
8.152217355
8.153331474
8.153103095
8.153118112
8.151677164
8.152428844
8.150938468
8.149182238
8.150490201
8.150991347
8.152521878
8.152841175
8.149237768
8.152463007
8.150101899
8.149793004
8.152703738
8.154467567
8.152021848
8.153230004
8.150532747
8.151427335
8.152188986
8.152920763
8.152533406
8.151664032
8.153478551
8.151752351
8.151709108
8.153652468
8.151197706
8.152584621
8.151563400
8.150589703
8.152783519
8.150867140
8.153169341
8.149229880
8.152471220
8.149206536
8.150411733
8.151782837
8.149282369
8.153891533
8.151170926
8.151415107
8.151043551
8.151708597
8.150846069
8.153550960
8.151793208
8.151943854
8.150403682
8.154301904
8.151983940
8.153577466
8.150091068
8.151757583
8.149386572
8.151067196
8.154450977
8.151295635
8.151456069
8.152206034
8.154254623
8.151637117
8.151753544
8.149120283
8.152730736
8.151301132
8.152822973
8.150584308
8.151271789
8.152785552
8.150936064
8.151811521
8.151256601
8.154160622
8.154689318
8.151295831
8.152340211
8.152520835
8.154831266
8.150881525
8.149733740
8.153162380
8.151490523
8.152990216
8.151174709
8.149508957
8.152345302
8.150977087
8.151097952
8.152618969
8.149680529
8.152790482
8.150892392
8.154065141
8.151406108
8.153049017
8.152089395
8.151286270
8.151607529
8.150830502
8.151147214
8.151955601
8.150821901
8.153191157
8.152237317
8.151623935
8.151060647
8.154786691
8.153075064
8.152154156
8.151523565
8.151361343
8.151017653
8.154127701
8.153138915
8.151982347
8.149144929
8.151273192
8.151384458
8.152701110
8.153004619
8.151612696
8.150856162
8.151353809
8.151467603
8.150967471
8.149206498
8.152581445
8.152151589
8.153094975
8.150926925
8.151674370
8.149115073
8.154186551
8.153323025
8.150273911
8.153519769
8.151090036
8.151241391
8.153459681
8.151845604
8.150738567
8.151290184
8.151369790
8.150331753
8.151470474
8.152209362
8.151210501
8.151151395
8.152439343
8.151374690
8.152085285
8.150261537
8.149129169
8.153612729
8.152197507
8.151365502
8.152349756
8.152880381
8.151965082
8.152308604
8.152013863
8.152787913
8.151177140
8.151116567
8.151801145
8.151267941
8.149418676
8.151504650
8.149593332
8.153334931
8.152181987
8.149153788
8.150410269
8.153619903
8.150642123
8.151204805
8.152223003
8.150817776
8.150448933
8.153686956
8.151058578
8.152538887
8.152944462
8.151996532
8.153000417
8.149616173
8.153295301
8.151869570
8.151308669
8.149757108
8.153108824
8.153325407
8.150457432
8.151311639
8.150354323
8.150856229
8.152372773
8.151475156
8.149992600
8.152019912
8.153174147
8.152172880
8.152256497
8.152049579
8.150423967
8.150817984
8.150676214
8.150432821
8.151004204
8.151624858
8.155039419
8.150507853
8.152675719
8.151632663
8.151574200
8.152823033
8.151880614
8.153303102
8.152270316
8.152732965
8.152860580
8.151390582
8.153477589
8.153116232
8.150854089
8.152878590
8.152038870
8.151683404
8.150717240
8.152155879
8.152566251
8.151682512
8.150717783
8.151753468
8.151338911
8.153547534
8.151863092
8.151406060
8.151607487
8.151437162
8.151194475
8.151093533
8.150788092
8.152681688
8.149155932
8.154245203
8.149571935
8.153247534
8.152736675
8.152162542
8.153167539
8.152700702
8.151688863
8.149131721
8.150724439
8.150909512
8.151990170
8.152547715
8.149494295
8.151070871
8.154212664
8.152206385
8.151901763
8.151107624
8.153392277
8.151582432
8.150955527
8.152257942
8.152048770
8.150207632
8.149934294
8.151388775
8.153633520
8.151133430
8.150776085
8.152681126
8.152194987
8.154959439
8.152882446
8.151563350
8.151399073
8.152404795
8.151599048
8.149896635
8.149526480
8.153206187
8.150254388
8.153374242
8.149291306
8.153406871
8.154736868
8.151124144
8.154090506
8.152579854
8.151512070
8.151226750
8.152793780
8.152047998
8.152982926
8.150498957
8.152667758
8.151187467
8.152389721
8.152620499
8.151313897
8.153794973
8.152161828
8.151960987
8.152986299
8.151320217
8.150913954
8.152132189
8.152563001
8.151708984
8.151657056
8.150807586
8.151219308
8.152786703
8.151312169
8.151378369
8.152286301
8.150936936
8.152665742
8.150458726
8.151615046
8.152691803
8.151519461
8.153049630
8.149112954
8.154114973
8.151626681
8.153612523
8.151741640
8.150660166
8.149141561
8.153052102
8.152267057
8.152445620
8.150673414
8.150465862
8.152887918
8.149152219
8.151356200
8.149673887
8.151825866
8.149117489
8.151164070
8.151300561
8.151621846
8.150380638
8.152883080
8.152829190
8.149475618
8.153201733
8.151532801
8.151165538
8.151629116
8.149504024
8.152267535
8.152579186
8.151747099
8.151142342
8.153540657
8.151166050
8.152802333
8.151489718
8.153451367
8.153338811
8.151055144
8.154607968
8.151755904
8.150037716
8.153133965
8.151593091
8.150467603
8.152583409
8.152486237
8.149196329
8.151659889
8.151690050
8.152049911
8.151873931
8.151512256
8.153044792
8.153803835
8.152329190
8.153513919
8.151739977
8.150439997
8.150904920
8.153304818
8.153231167
8.149734670
8.152663693
8.151883128
8.151288733
8.151496458
8.150887497
8.149143167
8.152958859
8.149182449
8.152525941
8.150068274
8.151399491
8.149169719
8.153043587
8.151622982
8.150830010
8.150735159
8.154937525
8.151605564
8.151912153
8.152736441
8.153084319
8.151357585
8.150918650
8.150092883
8.152031922
8.149815855
8.149264267
8.149202876
8.152982461
8.150816639
8.153178636
8.151131816
8.151394412
8.151068308
8.150874930
8.152696658
8.149286826
8.150752161
8.150987247
8.150986579
8.154036250
8.151615992
8.151107133
8.151933821
8.154429047
8.151726035
8.151287483
8.149564604
8.152209064
8.150179874
8.149210356
8.153016559
8.151657873
8.150984635
8.151978436
8.153653920
8.151467668
8.151460447
8.151343080
8.153087501
8.152046200
8.153719707
8.151362839
8.150759207
8.152460339
8.151532302
8.151025865
8.150913196
8.151956278
8.151375746
8.153326980
8.152348544
8.149109351
8.151351878
8.150224719
8.152308925
8.151495124
8.152933791
8.151481022
8.150559270
8.152601404
8.153805464
8.153305390
8.152255908
8.151418370
8.151007725
8.151460066
8.152100573
8.151232476
8.153485879
8.151789397
8.153255921
8.152499937
8.151241491
8.153895135
8.152037976
8.151434865
8.151017519
8.150050912
8.152273567
8.151303756
8.152944642
8.151567277
8.151018665
8.151023226
8.153760746
8.149201096
8.151952225
8.154418893
8.149350142
8.150403834
8.149784041
8.149967147
8.153226309
8.150243616
8.150438062
8.150788956
8.152689288
8.152781124
8.150270341
8.150755316
8.152582803
8.152479661
8.154123936
8.153302811
8.152558735
8.150415712
8.152734113
8.152339180
8.151617804
8.149215093
8.151605907
8.152670845
8.150317277
8.152525865
8.152315285
8.152474679
8.151449992
8.150358311
8.149096819
8.154235450
8.152390790
8.153363350
8.151638307
8.153865882
8.151967397
8.150871273
8.152836395
8.151298831
8.149585339
8.153064283
8.151371956
8.150191888
8.151755782
8.149283148
8.151686460
8.149994162
8.151385609
8.149824077
8.152310812
8.151215768
8.153168580
8.152143212
8.155050767
8.151610717
8.151422103
8.153484198
8.151567050
8.152170321
8.152677018
8.152987317
8.151284178
8.152109040
8.153067247
8.153094337
8.152489351
8.152591649
8.151889223
8.150857015
8.151351221
8.149171785
8.149656512
8.153060840
8.152163765
8.153606701
8.153348799
8.152693568
8.150326575
8.149664518
8.152219628
8.152769069
8.151014595
8.150952404
8.153560704
8.152622486
8.151736457
8.152002265
8.151147376
8.151899403
8.150374133
8.152092975
8.153686417
8.151715565
8.150913840
8.152989465
8.149259220
8.150369875
8.153315546
8.151391082
8.154444009
8.153409266
8.153284979
8.153643684
8.152966613
8.154903120
8.150812609
8.151242935
8.149976119
8.151464710
8.151545606
8.153589084
8.153202484
8.149332280
8.151164185
8.151397987
8.152159094
8.153703888
8.151994349
8.152193417
8.152103148
8.153872442
8.152611576
8.150568991
8.149696818
8.151410319
8.153036823
8.150603754
8.149236267
8.152102491
8.153736532
8.151793577
8.151650744
8.151344534
8.150614959
8.152215388
8.152922355
8.153589557
8.151573419
8.151268142
8.151470280
8.151344639
8.153072700
8.151640562
8.151134196
8.150847238
8.153544865
8.151160124
8.151016858
8.153072978
8.151720478
8.153051190
8.152796379
8.150532498
8.152649064
8.151692587
8.151355518
8.153309181
8.150957564
8.153576831
8.153155387
8.152137003
8.151684440
8.150815312
8.151753531
8.149244131
8.150986898
8.149178716
8.154556664
8.151717508
8.149209667
8.149160587
8.150903336
8.150788738
8.151161593
8.152555827
8.151704394
8.151483104
8.153285733
8.151416261
8.151471407
8.151318642
8.153491154
8.149198852
8.152469204
8.150756555
8.152625494
8.150973722
8.152470746
8.151426726
8.151263930
8.149664866
8.153009916
8.151791024
8.151060047
8.153297726
8.153057224
8.151352379
8.151826673
8.150165196
8.151421605
8.152681800
8.151983798
8.150127202
8.153194372
8.150829686
8.151402715
8.153063973
8.151682361
8.150163219
8.153128665
8.152186362
8.152020721
8.152309928
8.151278516
8.150584586
8.152641047
8.152399898
8.152104459
8.151220439
8.151856650
8.150779489
8.150657408
8.152610734
8.152748059
8.150517901
8.152763560
8.152025506
8.153083385
8.152641873
8.152860036
8.149293114
8.150908257
8.153500108
8.151169769
8.151786471
8.150393744
8.152217388
8.149959546
8.152222319
8.152471619
8.154634021
8.150928629
8.149711201
8.150730106
8.151622558
8.152123904
8.152199085
8.152959213
8.151680077
8.150852959
8.150770273
8.153115116
8.152350835
8.153881362
8.163168890
8.157709712
8.150359675
8.149162589
8.151192016
8.153547809
8.152867051
8.151326004
8.153334283
8.152808146
8.152417657
8.151253416
