0.988988207
0.989282471
0.989773264
0.991353709
0.989224969
0.989648552
0.990255262
0.989381077
0.989139567
0.989509524
0.988970798
0.989332043
0.990130021
0.990144130
0.990499243
0.990832960
0.989071604
0.989807336
0.992907568
0.989757894
0.989360795
0.987400175
0.989349306
0.989861408
0.989421778
0.990055553
0.989477581
0.989152170
0.989951533
0.991588222
0.992109787
0.989316793
0.988942007
0.990021462
0.989529175
0.989404949
0.988751032
0.989201676
0.989179719
0.989661311
0.988991747
0.989392179
0.989596962
0.989261221
0.989395652
0.989356413
0.990069375
0.989376968
0.989847383
0.989190029
0.989955983
0.989865782
0.988879747
0.989608416
0.988961733
0.990245893
0.991220832
0.989517030
0.989192444
0.990442435
0.989574654
0.987581963
0.989428179
0.990712590
0.989020161
0.989377222
0.989036379
0.989210690
0.987668615
0.990155007
0.987495549
0.989200177
0.989597418
0.989719682
0.989456220
0.989579646
0.989195076
0.987928811
0.990469268
0.988957848
0.989810060
0.989192943
0.989267688
0.989751525
0.989889061
0.989665613
0.989698604
0.988886575
0.990556147
0.989384881
0.989445289
0.989134865
0.989171238
0.991143101
0.989734884
0.989225019
0.989013947
0.988970405
0.989396829
0.989321767
0.989848904
0.988943016
0.989982604
0.989544624
0.989699199
0.989606166
0.989946192
0.989547622
0.989304291
0.989201548
0.989272245
0.989737625
0.989148371
0.989679420
0.989366371
0.989849326
0.988689028
0.989445961
0.990214382
0.990042804
0.990150348
0.989691810
0.989305050
0.990569307
0.989300834
0.989544423
0.989443081
0.989513958
0.989007456
0.989274653
0.989346738
0.989551644
0.989441100
0.989571706
0.994350672
0.988566727
0.990111657
0.989219323
0.989139827
0.988463226
0.991968595
0.992424295
0.989353506
0.988977058
0.989279418
0.989219360
0.990293329
0.990517081
0.989651789
0.989706724
0.990094434
0.989478430
0.989221655
0.988767636
0.993759457
0.989272936
0.989286492
0.998814086
0.989443036
0.989177354
0.990378237
0.988989369
0.989433719
0.989007056
0.989335815
0.989008454
0.990388117
0.989945881
0.989288216
0.989224073
0.989279969
0.989058384
0.989344522
0.992169722
0.989525977
0.989818411
0.989891774
0.989068122
0.993292378
0.989408147
0.989525784
0.989565307
0.990340570
0.988992058
0.989615972
0.989342312
0.988918962
0.989789201
0.989378823
0.991559838
0.990219880
0.989083954
0.990022124
0.990330491
0.989458655
0.989255754
0.990391534
0.989456256
0.989624315
0.989895575
0.991725477
0.989439211
0.989282631
0.990740358
0.989493479
0.991480910
0.989124795
0.989213118
0.989193522
0.989422735
0.989913698
0.989835252
0.990019269
0.989060554
0.989245722
0.989174376
0.989845039
0.989543956
0.992918596
0.993762202
0.989506790
0.987378168
0.989378222
0.989167788
0.989312686
0.988901904
0.989413346
0.989649469
0.989693215
0.989856362
0.989352346
0.987936817
0.989583541
0.987051035
0.989644466
0.995257412
0.991071577
0.989128908
0.990867744
0.989471223
0.989305506
0.989360398
0.989470194
0.989263159
0.989548342
0.989477462
0.988842815
0.988949797
0.988260972
0.989314005
0.995809917
0.989772874
0.989044302
0.989713695
0.990047097
0.988925711
0.992132756
0.989697074
0.987992307
0.988154048
0.989383983
0.989979002
0.989413109
0.989317821
0.990278008
0.989571247
0.989138336
0.988022808
0.995815863
0.989482104
0.990077499
0.989303864
0.991127417
0.989243130
0.989716021
0.989935848
0.990432901
0.989482161
0.990590249
0.988286618
0.989247284
0.989635465
0.991949971
0.990242924
0.987825356
0.990028991
0.991071789
0.989816203
0.990058472
0.989461886
0.992524103
0.989593356
0.989407293
0.989796790
0.989189438
0.989685422
0.989064175
0.989063072
0.990173579
0.989999358
0.989705753
0.989938019
0.989507271
0.990140933
0.989256868
0.989333872
0.988985674
0.989954946
0.991844784
0.989780116
0.989269353
0.989360890
0.989005962
0.990612547
0.991867296
0.993189059
0.989475521
0.989057450
0.992836022
0.989279532
0.993614560
0.989817291
0.989122263
0.989285339
0.989587377
0.989334150
0.989064371
0.990528596
0.989141411
0.989094511
0.988559797
0.990427450
0.989031601
0.989093609
0.989477058
0.989733297
0.988775707
0.989293780
0.989369524
0.993113054
0.989505586
0.989673504
0.988988702
0.990010802
0.990686167
0.989393967
0.989478283
0.989628254
0.990908547
0.990561845
0.989311859
0.989438779
0.989126200
0.989509870
0.988916436
0.989886764
0.989175852
0.989546218
0.990043575
0.989567238
0.989310368
0.989443768
0.989155252
1.001157019
0.993120764
0.989600875
0.989211523
0.989864539
0.989196893
0.989688335
0.988989949
0.989950786
0.989764821
0.986758111
0.989131474
0.989475890
0.989657707
0.989494143
0.989226040
0.989311446
0.989343175
0.989378717
0.987277017
0.989942757
0.989217199
0.990734399
0.989210884
0.989105064
0.989003436
0.992409621
0.989044989
0.990013164
0.989817548
0.990139528
0.989426531
0.989482811
0.989290442
0.989307088
0.988995686
0.989219145
0.988950108
0.989393180
0.989292735
0.989367498
0.988992056
0.988770547
0.989534580
0.989235531
0.989377494
0.990323339
0.989186790
0.989720544
0.989446939
0.989399502
0.989152450
0.989827461
0.989680199
0.989236650
0.989056843
0.990805080
0.989551504
0.993476702
0.989467466
0.989310694
0.989264525
0.989679723
0.988957576
0.990967012
0.989579198
0.989339519
0.988949974
0.989316757
0.986756773
0.988990621
0.990144196
0.989008708
0.989674470
0.989238536
0.989281521
0.989287051
0.989449284
0.989387860
0.990733518
0.989516950
0.991001674
0.988960879
0.989346815
0.990213950
0.989273011
0.991922613
0.989346622
0.989396218
0.989729103
0.989093651
0.989293405
0.988932311
0.993564756
0.989087269
0.989032452
0.988994947
0.989413309
0.989096472
0.989293271
0.990867011
0.989176416
0.989863990
0.989234400
0.989661183
0.988366837
0.990420967
0.990154038
0.989772981
0.989338618
0.990607277
0.988710727
0.989589444
0.993609563
0.990441182
0.989475433
0.990271055
0.990004581
0.989247392
0.989763200
0.989450003
0.989537491
0.989874645
0.989079061
0.988377901
0.994107569
0.989080602
0.989349955
0.989046369
0.989142828
0.988969979
0.989332213
0.989024981
0.990767430
0.989060020
0.989098278
0.989500129
0.989700868
0.994426884
0.991128376
0.989500025
0.988972634
0.989070719
0.990850953
0.989900481
0.989655401
0.989634695
0.989121885
0.990261829
0.990396990
0.989072266
0.989188232
0.989553151
0.989267005
0.989463947
0.995924085
0.989145565
0.989610436
0.988778533
0.989654277
0.989158146
0.989282460
0.989082271
0.989418661
0.989364036
0.996926151
0.989597625
0.990351663
0.991520394
0.992362686
0.989902460
0.989292914
0.989392103
0.989326648
0.988793689
0.989880863
0.989652475
0.989910568
0.989932047
0.991357240
0.988818239
0.989378269
0.989482126
0.989655198
0.989270272
0.989472572
0.989278139
0.989385399
0.989493575
0.987270219
0.989554142
0.989000790
0.987259412
0.990463731
0.989943951
0.991513852
0.987693393
0.990427622
0.989074272
0.990111098
0.988981700
0.987333881
0.987541672
0.989745407
0.989670161
0.989220170
0.989192934
0.989340801
0.990527564
0.988216333
0.989179745
0.987600749
0.989490260
0.989856643
0.989167276
0.989082429
0.988926068
0.990165671
0.989168837
0.991557486
0.989184730
0.988318918
0.989000967
0.995032986
0.988256661
0.989042935
0.989782302
0.990491014
0.989331998
0.991404642
0.989151014
0.989193711
0.989131874
0.989591627
0.989369463
0.991775610
0.989113352
0.988287978
0.989912782
0.989478110
0.989234415
0.989280143
0.989119418
0.989776206
0.989502211
0.990442882
0.987695322
0.990467737
0.988956573
0.989923068
0.988909050
0.989212210
0.989281156
0.989666027
0.989408945
0.989147043
0.989051593
0.988762444
0.989438874
0.989385588
0.989242540
0.990380693
0.989394130
0.989617866
0.990981230
0.989526735
0.989119408
0.989137442
0.989704077
0.989432390
0.988114597
0.989245635
0.993296722
0.989141921
0.989422064
0.989209446
0.988276031
0.988837068
0.993283474
0.996103874
0.986686919
0.989403148
0.989386913
0.989013903
0.989101561
0.988300834
0.988438262
0.990061342
0.990512299
0.989192834
0.989392293
0.989648479
0.989259574
0.988269021
0.990410061
0.989781009
0.989175438
0.989696204
0.989415098
0.989732366
0.989946586
0.989185378
0.989968546
0.989394201
0.992358015
0.989635244
0.989187773
0.989913232
0.989311849
0.990688790
0.995975433
0.989578629
0.989262308
0.989255588
0.990134239
0.988242309
0.989541282
0.988707160
0.989474993
0.989474415
0.989599448
0.989171590
0.989183408
0.988936218
0.989749750
0.990619397
0.989622105
0.989046344
0.991897121
0.990073370
0.990201030
0.989433467
0.989168634
0.988862241
0.989886112
0.990112237
0.988958042
0.989289145
0.989248183
0.989329943
0.989947301
0.989400425
0.989627645
0.989552758
0.992284823
0.989090165
0.989321214
0.989470616
0.990070561
0.989403387
0.990242215
0.989072120
0.989723048
0.989730881
0.990205779
0.990218331
0.989406502
0.989015752
0.989667212
0.989976888
0.989281847
0.988990653
0.989537545
0.993125784
0.989703033
0.990410812
0.989263697
0.986965237
0.989376606
0.989089521
0.989417571
0.989546484
0.989221207
0.989365818
0.989699076
0.989853706
0.989200289
0.988939919
0.989166285
0.989220938
0.992350799
0.987295622
0.989392584
0.989124935
0.990997088
0.989279488
0.989410023
0.989227486
0.991650596
0.987542900
0.990102246
0.989375185
0.991597387
0.989369458
0.989788184
0.989730900
0.990741565
0.989020464
0.989289834
0.989209196
0.987832801
0.987459983
0.989548770
0.988160176
0.994128010
0.989336278
0.989127117
0.989688421
0.992925429
0.989897692
0.989513200
0.989865914
0.987557677
0.989044404
0.989417330
0.989789408
0.989991717
0.988951043
0.987899219
0.990069172
0.991186905
0.989075060
0.989890378
0.992061401
0.987764658
0.989525755
0.989542464
0.988939738
0.989139631
0.989229273
0.989941261
0.989300718
0.987629021
0.989528452
0.989376697
0.990877580
0.989320336
0.989150657
0.987763584
0.989347769
0.990212641
0.990255285
0.989189036
0.989396014
0.989523308
0.989648489
0.989083874
0.989091364
0.988964972
0.989129025
0.989037690
0.989599307
0.989514881
0.989444382
0.987917156
0.989567012
0.989638600
0.989390616
0.988940844
0.989784166
0.996447984
0.989512902
0.988972327
0.989275704
0.988918371
0.989573133
0.990027705
0.989616545
0.989482496
0.989664965
0.989699046
0.990840048
0.989052426
0.988875150
0.989562794
0.995736792
0.995358436
0.989209806
0.991735322
0.990340356
0.989776683
0.989581498
0.989246246
0.988593221
0.989381801
0.989913555
0.989662065
0.989457491
0.989136792
0.995790299
0.989249783
0.989463405
0.989294836
0.989483077
0.989420113
0.994223139
0.989399295
0.989191673
0.988842532
0.990493979
0.989325529
0.989189322
0.988612850
0.987531225
0.989745081
0.989228140
0.989131854
0.989788919
0.989166783
0.990212402
0.989297003
0.992166059
0.989493001
0.989953244
0.989052090
0.989128344
0.989493176
0.993241245
0.988998744
0.989143411
0.992150947
0.989287152
0.989048609
0.997737645
0.988894524
0.989357919
0.989440738
0.989166368
0.989961157
0.989972639
0.989603003
0.989908188
0.988983445
0.989158333
0.989204465
0.989428787
0.989881015
0.989496426
0.993239439
0.989714222
0.989860672
0.995013977
0.989233741
0.989259217
0.989551483
0.989168088
0.989032256
0.990658188
0.991187859
0.989167949
0.989146668
0.989491025
0.989553000
0.989057136
0.990574859
0.989412433
0.989346754
0.989315712
0.988741126
0.989951759
0.987002683
0.989881056
0.989779654
0.991802384
0.989358573
0.989192462
0.987741542
0.989518068
0.989255435
0.989375289
0.993020334
0.989742871
0.989997900
0.989314341
0.989231473
0.989466411
0.992799179
0.990119830
0.989089444
0.994060864
0.989093373
0.990943370
0.989191340
0.989447633
0.991970810
0.990150134
0.989076876
0.989612894
0.989598200
0.991536155
0.989217730
0.989444657
0.990005277
0.987764217
0.988995111
0.989277817
0.991239632
0.989136964
0.989569748
0.989878935
0.989711836
0.989415670
0.988877924
0.989200939
0.989206885
0.989464121
0.989342302
0.991024412
0.987889424
0.989591556
0.990244008
0.989956659
0.989055894
0.989087481
0.989012392
0.990334162
0.989502274
0.989907007
0.989225748
0.989544951
0.990200037
0.990668525
0.989300991
0.995050304
0.989253034
0.989420874
0.989476753
0.988415226
0.991255087
0.990436805
0.989751568
0.989311481
0.989272701
0.989303516
0.989033199
0.989493450
0.989401079
1.971926527
1.970753812
1.970433177
1.970519586
1.978897301
1.970804368
1.971636741
1.971523294
1.970386433
1.971287378
1.971240725
1.970728795
1.975010115
1.975751677
1.971583908
1.971583034
1.970135179
1.971033842
1.972314187
1.970877621
1.968736609
1.970244544
1.970944792
1.970431566
1.971148470
1.970902673
1.972558294
1.966543805
1.970665018
1.970527145
1.972350462
1.970462508
1.971314454
1.970664819
1.970461754
1.970142586
1.971106050
1.970693107
1.967598557
1.967270504
1.968249223
1.970787737
1.970816563
1.967603935
1.970666859
1.968336924
1.971423734
1.972129458
1.970623377
1.970528870
1.970196373
1.970226885
1.970506628
1.971834325
1.971423363
1.970815390
1.970642074
1.971478294
1.976242029
1.971808837
1.970606935
1.973402589
1.970693915
1.970963391
1.970619874
1.974502702
1.971076482
1.972450364
1.971158798
1.970234898
1.971400049
1.970915630
1.967232222
1.972545249
1.970962410
1.971983814
1.970756153
1.970852608
1.970861559
1.970535268
1.969509973
1.970711554
1.970756512
1.971447644
1.970490287
1.970481629
1.971073466
1.967902164
1.970752923
1.968294951
1.971064593
1.971391536
1.970783072
1.976287952
1.970301070
1.974345818
1.971017801
1.970918860
1.971024515
1.970519553
1.971219599
1.974103253
1.971187397
1.971965550
1.968606734
1.970656615
1.971587191
1.971404539
1.970598525
1.972504643
1.971617120
1.970568458
1.970633486
1.971243549
1.967487545
1.971102327
1.970504329
1.970717186
1.975298568
1.970545849
1.970618274
1.970434411
1.971724456
1.967415171
1.970622965
1.970501378
1.970887230
1.970751865
1.971393735
1.971431201
1.970350415
1.971567457
1.971159197
1.971805518
1.971284578
1.970532595
1.973407491
1.977096652
1.971632775
1.970958288
1.970959700
1.972354589
1.970703250
1.970633350
1.969151876
1.968520340
1.970226932
1.971262417
1.971604870
1.970681019
1.971074203
1.971020532
1.967995066
1.967965928
1.967534180
1.972316470
1.966978039
1.970740985
1.972018308
1.975918838
1.970630544
1.970750951
1.971471328
1.970861277
1.972038982
1.971078275
1.971065196
1.973146154
1.971378466
1.970616688
1.970379096
1.971175943
1.971414114
1.967820361
1.970703162
1.970957192
1.970734300
1.968860258
1.971163462
1.970802976
1.972169740
1.971133277
1.975835383
1.968833573
1.970394582
1.970806084
1.970401299
1.970703426
1.971025893
1.973295255
1.970546126
1.970834846
1.974882094
1.970597877
1.971863135
1.970561350
1.970561044
1.967439568
1.971346378
1.972084150
1.970315961
1.971312540
1.971304730
1.970299812
1.970862784
1.971721526
1.970891391
1.970642455
1.970857595
1.970256084
1.971214134
1.970491917
1.970477886
1.970671249
1.970948851
1.970501956
1.970768047
1.970552321
1.971029581
1.970923322
1.970609308
1.970655830
1.971186890
1.969454649
1.970804774
1.970657624
1.975582733
1.970563253
1.970101873
1.970915003
1.970773094
1.971082551
1.971265921
1.971000553
1.968052510
1.971262693
1.970475904
1.973056283
1.970138809
1.972210865
1.971732210
1.971144143
1.971031452
1.976521524
1.970623933
1.967665673
1.970532597
1.970737593
1.970255796
1.970819119
1.970800207
1.967514564
1.970653546
1.971143231
1.970677148
1.972559233
1.970947182
1.970266294
1.970645878
1.973035054
1.971938238
1.974699509
1.971864241
1.968755266
1.970190047
1.968225077
1.969065863
1.970601111
1.971340469
1.972822513
1.966839276
1.970926719
1.970523286
1.970615804
1.971535563
1.970507170
1.973879370
1.972548341
1.971353177
1.971900016
1.970274166
1.970585855
1.970756381
1.971585649
1.970616498
1.971539726
1.966985496
1.970334470
1.970882696
1.971034147
1.972896476
1.971090553
1.970395139
1.971665022
1.971037767
1.970535926
1.971182268
1.970414899
1.970647574
1.971110402
1.972108409
1.979973031
1.970810863
1.970591262
1.970870309
1.970773360
1.970502202
1.970736851
1.971081316
1.968138450
1.971196113
1.970765228
1.970330685
1.971107208
1.970767834
1.971755727
1.971937158
1.971486150
1.970656281
1.971243631
1.970165169
1.971321669
1.970459578
1.970678351
1.973247859
1.970476883
1.971362567
1.971012503
1.967736102
1.970581808
1.971474827
1.972175920
1.970962674
1.972011359
1.970125442
1.971154961
1.971057998
1.970724929
1.972644042
1.973904466
1.970734161
1.971513165
1.970306753
1.971583707
1.968762164
1.970935612
1.973901754
1.970846156
1.976233347
1.970903629
1.968591531
1.972155811
1.970067891
1.970574547
1.971169390
1.971195226
1.970680425
1.971258731
1.973825745
1.973649088
1.966875866
1.970965665
1.970570599
1.970728212
1.971187164
1.970462511
1.971958579
1.970626470
1.970362889
1.970749581
1.970672967
1.972265401
1.967648767
1.973714131
1.970673769
1.970742713
1.971451677
1.970573934
1.970493367
1.970912639
1.970995669
1.971037260
1.971161460
1.970573676
1.972011285
1.970288815
1.970259500
1.970786584
1.971623108
1.970386434
1.970389893
1.971680393
1.972019240
1.970669686
1.971747643
1.970451022
1.970260842
1.972101882
1.970859968
1.971676560
1.970792980
1.970903119
1.974940441
1.966765142
1.970386490
1.970867063
1.971001655
1.972065766
1.971057642
1.971343627
1.971503444
1.970832133
1.972375498
1.971474741
1.971523816
1.971400763
1.971242132
1.970572995
1.970846550
1.971675857
1.970895720
1.970886045
1.977418615
1.971376494
1.970994381
1.970873345
1.968360677
1.967663165
1.971182309
1.972754019
1.970781758
1.971100763
1.974150763
1.970737002
1.970870716
1.973656063
1.970682002
1.971613349
1.970610309
1.970373944
1.970938532
1.970604931
1.971758292
1.975032517
1.970107784
1.972214040
1.970838671
1.970415533
1.974289336
1.970256865
1.970572624
1.970159661
1.972150102
1.971065592
1.970603120
1.971752553
1.970852381
1.970824056
1.970687336
1.970273507
1.970834094
1.974401145
1.972588575
1.971206200
1.971194269
1.970602680
1.970777882
1.970738133
1.970870575
1.970411936
1.970782398
1.972124274
1.971518509
1.973563640
1.974973197
1.971683589
1.971049018
1.973395706
1.970505425
1.966795338
1.970192637
1.970835481
1.970538480
1.970640285
1.970647676
1.970390135
1.970416929
1.967001084
1.967206995
1.970407529
1.970593844
1.971223808
1.970968138
1.970926903
1.970836320
1.970991257
1.971223897
1.970272985
1.976301042
1.971468490
1.970436506
1.971453690
1.970953184
1.971285442
1.970465780
1.970588056
1.973444735
1.970510508
1.972396858
1.972234468
1.970420662
1.970817156
1.970122001
1.970823954
1.971175514
1.970932098
1.971791069
1.970701082
1.970922253
1.972381630
1.970671747
1.970477199
1.971023703
1.970741059
1.970656113
1.973630611
1.975001393
1.971235265
1.971298491
1.971245280
1.970714210
1.970905822
1.971059471
1.971214522
1.971233201
1.970375910
1.971944136
1.970428255
1.970277518
1.970902323
1.971056291
1.970546694
1.970539812
1.971036559
1.968912515
1.970569553
1.970860346
1.970738260
1.971165744
1.971990870
1.969589760
1.970417487
1.979886540
1.971031075
1.976744326
1.970414702
1.970594224
1.970921048
1.971066122
1.971040799
1.970723775
1.970503405
1.973129468
1.970811826
1.971228327
1.973442521
1.970763838
1.970603627
1.970826755
1.967496719
1.970480838
1.970603682
1.970567026
1.967413465
1.971277948
1.971448804
1.970529914
1.970494466
1.972292403
1.970357439
1.972670079
1.970431698
1.970004488
1.970744283
1.971080924
1.971352187
1.970434866
1.970766063
1.975729672
1.974173976
1.978790073
1.978113861
1.978472307
1.970687149
1.977459532
1.968484963
1.971210455
1.972293264
1.970681361
1.970274161
1.970357741
1.970850708
1.970640549
1.972031632
1.973445729
1.970707007
1.970443538
1.972395217
1.970680509
1.973599752
1.977157639
1.970593271
1.971025123
1.970766675
1.970494891
1.975199262
1.970993661
1.970800268
1.967798416
1.972535452
1.971846349
1.970981334
1.970469994
1.971074362
1.970651276
1.970820435
1.970491671
1.974558315
1.970514206
1.970915164
1.971262836
1.970516141
1.970420577
1.970424190
1.970466339
1.971550358
1.971166864
1.971274359
1.973357472
1.970628106
1.968253536
1.972806726
1.970304200
1.970330047
1.981865774
1.969830618
1.970881417
1.966680949
1.971330583
1.970581813
1.971548892
1.971040504
1.981198621
1.970743370
1.971536931
1.971076136
1.974259175
1.970991300
1.972114529
1.971567385
1.971036584
1.971692736
1.970392465
1.971450084
1.971311872
1.970666079
1.971196280
1.970413512
1.970605428
1.970620567
1.970488490
1.970863688
1.971376480
1.971737984
1.971033901
1.973431333
1.971258343
1.970418214
1.971480034
1.970522805
1.970836681
1.971510270
1.970625531
1.971406498
1.971189629
1.971427086
1.971552713
1.970404765
1.973676549
1.970491747
1.970473708
1.971256951
1.973594610
1.966956905
1.970632216
1.970808777
1.970229635
1.971008195
1.971009147
1.970935071
1.970948981
1.970921731
1.971349829
1.970884520
1.971180102
1.970587522
1.970946148
1.970545475
1.970926378
1.970776975
1.967802766
1.971258775
1.970943991
1.967674427
1.970886210
1.972890627
1.971394739
1.973106441
1.970092320
1.972976165
1.970364859
1.971025008
1.976208639
1.970645176
1.971145089
1.970540732
1.977065156
1.968865608
1.971195587
1.970322684
1.971052169
1.970507377
1.970750055
1.971635534
1.966524513
1.967352946
1.971189404
1.971203314
1.974983408
1.975267724
1.970909595
1.971119744
1.973273770
1.970425255
1.970343995
1.971270032
1.971708162
1.971369410
1.971515381
1.974516435
1.973644823
1.970718580
1.970594036
1.971547671
1.970639320
1.971080489
1.970376509
1.975667450
1.971445748
1.967880929
1.970628944
1.970681369
1.971170749
1.970497506
1.970275299
1.974031954
1.971472802
1.971376445
1.971056495
1.972546831
1.971832141
1.971160094
1.971191931
1.971188189
1.970834785
1.966664858
1.971142966
1.970504840
1.970558600
1.968162278
1.971312693
1.970203443
1.967137429
1.971005212
1.967439599
1.970283263
1.970152065
1.970783608
1.970851860
1.971315958
1.970149569
1.970994862
1.970538486
1.971523787
1.970915416
1.970423644
1.975711035
1.971334899
1.973945718
1.968732204
1.971055031
1.970880053
1.971336108
1.970481130
1.971029816
1.970797204
1.970421321
1.971188601
1.970650500
1.971742302
1.971255379
1.972369067
1.971009445
1.971306326
1.970614162
1.970357378
1.966960954
1.970987661
1.970760954
1.970617368
1.970600390
1.970581015
1.971337369
1.971412013
1.970638743
1.970640528
1.970729464
1.971237911
1.973259040
1.970727818
1.970940147
1.970827410
1.971393996
1.973353634
1.970930428
1.967967270
1.970611342
1.971165351
1.971276038
1.971725458
1.972084926
1.971253007
1.971091887
1.971672458
1.970907951
1.970933413
1.970208937
1.977157282
1.971726066
1.971489385
1.970560693
1.971049547
1.969672369
1.971669910
1.970570503
1.970415394
1.970534605
1.966992078
1.971177673
1.971263042
1.971517290
1.970958344
1.970521286
1.968178064
1.970478928
1.970810738
1.974309544
1.971580248
1.971431637
1.972512415
1.970437474
1.971240198
1.970617401
1.970596046
1.971138576
1.970858556
1.970468393
1.970299610
1.972150479
1.971585253
1.972831240
1.970685330
1.970672332
1.970965744
1.972386135
1.971638852
1.970780901
1.970305482
1.971177308
1.971138001
1.970318658
1.971619915
1.971232625
1.970540355
1.971104870
1.970244293
1.970869899
1.971003721
1.976444460
1.971264732
1.972033257
1.973534725
1.971032819
1.971759504
1.971330350
1.967027206
1.970836490
1.972248069
1.970927406
1.970602803
1.970539895
1.971534399
1.970794907
1.973525401
1.970923566
1.971283655
1.971298372
1.975543943
1.970924631
1.970654132
1.974197500
1.971045442
1.971374224
1.971319984
1.971320519
1.970507147
1.971817723
1.972597192
1.970767808
1.972120121
1.973227517
1.968449435
1.971258867
1.970499183
1.971757518
1.970842256
1.970650751
1.970440177
1.970744171
1.971155422
1.971105169
1.971322305
1.967330436
1.970553454
1.969789974
1.971808576
1.970740506
1.970885014
1.971372463
1.970997044
1.970940962
1.970639911
1.971134997
1.969956801
1.970953156
1.970418835
1.970579857
1.971822863
1.970706749
1.971778790
1.968569123
1.970445186
1.972611214
1.970853595
1.971597638
1.970519234
1.967963155
1.971241397
1.971887796
1.970769438
1.971099713
1.970577464
1.970776261
1.974995370
1.977865395
1.978923077
1.979583593
1.971196070
1.970626942
1.971524675
1.970939167
1.970504227
1.971910612
1.971245385
1.977831583
1.977424821
1.970535635
1.971432387
1.971051595
1.976131099
1.971543998
1.970579024
1.972368683
1.977042753
1.971720293
1.974730219
1.967933715
1.970522096
1.970504653
1.970680504
5.897608811
5.896411708
5.896745485
5.901854702
5.897017860
5.897435918
5.898020762
5.899286309
5.897199757
5.896758859
5.897319817
5.898026273
5.896977194
5.897763709
5.897483608
5.900283489
5.899649967
5.899091611
5.897381067
5.899066227
5.898251807
5.896733035
5.887166450
5.898643355
5.897539868
5.897828697
5.896757478
5.898316121
5.897485767
5.897949325
5.900596771
5.896626759
5.897023122
5.897415922
5.901172147
5.898402417
5.897060927
5.896909645
5.898422824
5.897247449
5.897369856
5.897684587
5.898327179
5.897355036
5.897289977
5.897751768
5.896545863
5.898942344
5.898438328
5.897821720
5.896360210
5.897319188
5.896736285
5.897163539
5.897568619
5.897403489
5.898840323
5.899689360
5.898223462
5.884205937
5.897497785
5.897579864
5.899681541
5.899979718
5.899012555
5.899127660
5.897219074
5.899465382
5.898690207
5.899491510
5.886576696
5.896853050
5.897034560
5.896949006
5.897297012
5.897941717
5.900140568
5.898833766
5.898838482
5.898115684
5.896295688
5.898362564
5.898038840
5.898365640
5.898442542
5.897710253
5.897210999
5.897630847
5.896523030
5.898045524
5.884967030
5.897346517
5.897329537
5.885410975
5.897488553
5.897138571
5.897744180
5.899096263
5.898427183
5.898946870
5.896516638
5.896870251
5.898088143
5.896913349
5.898097565
5.897557510
5.899069084
5.897031996
5.898282223
5.885470989
5.897115818
5.896507717
5.896630612
5.896750557
5.901790389
5.898844052
5.898827817
5.898573940
5.897527651
5.898167618
5.897434931
5.896511153
5.896546499
5.898334959
5.896678164
5.897177290
5.900879616
5.897266246
5.896652089
5.898316679
5.899052597
5.897923514
5.897119288
5.896778878
5.900056641
5.897232481
5.897612777
5.902882692
5.897000437
5.898189863
5.898552049
5.896885670
5.897154844
5.897072122
5.898321241
5.899242850
5.894565890
5.899782170
5.896503680
5.899164584
5.894403020
5.904140247
5.901817541
5.898447753
5.900523173
5.897883469
5.896493777
5.898818481
5.907677430
5.900493372
5.897461770
5.896436649
5.898689934
5.897983153
5.900298037
5.898454571
5.898475234
5.897671875
5.897045888
5.888109168
5.887051611
5.897490364
5.899283760
5.897188275
5.897609963
5.897696378
5.897945022
5.898604063
5.899258714
5.897407308
5.905153693
5.897146118
5.896659467
5.897631679
5.896859865
5.898181584
5.898330830
5.886041964
5.906837559
5.898515708
5.898271114
5.898831316
5.891929936
5.896311586
5.896903171
5.898139547
5.903104444
5.886698494
5.897519170
5.896462298
5.898790626
5.884916508
5.897400440
5.896494234
5.896951960
5.898047901
5.897987274
5.901568865
5.897226618
5.897669575
5.897648141
5.898174116
5.898233789
5.896737762
5.896469135
5.884584630
5.897648690
5.897734209
5.898214817
5.898166695
5.898452462
5.899038211
5.897635784
5.897032265
5.896467080
5.896634142
5.897733918
5.898866149
5.891960088
5.896240816
5.897322656
5.898135860
5.896861299
5.896805260
5.898492136
5.896949087
5.918460879
5.904048248
5.898436925
5.898149102
5.898135653
5.897193792
5.908370951
5.898528721
5.884623488
5.896540000
5.897825899
5.900294583
5.897701069
5.898337714
5.897660413
5.901413732
5.887264963
5.897757410
5.896633177
5.897246879
5.884287264
5.897568091
5.897139562
5.897332867
5.908608091
5.902416268
5.901891027
5.897753532
5.897816833
5.897742004
5.906579845
5.897503983
5.898429265
5.897488936
5.897849093
5.897399135
5.908092283
5.899747515
5.896450458
5.898303620
5.897821123
5.897660272
5.899228349
5.898990189
5.886420111
5.898576464
5.899765278
5.898118752
5.897983508
5.897880524
5.898152809
5.898581858
5.898281019
5.899897022
5.897131341
5.897572076
5.899322338
5.898894741
5.897814952
5.896999455
5.897672508
5.897454156
5.898813472
5.898965767
5.897421115
5.897750317
5.899327131
5.897377171
5.897341712
5.897249958
5.897694516
5.896672512
5.890903500
5.897352145
5.898690954
5.896902329
5.900174460
5.898693210
5.901849509
5.899487050
5.896814348
5.897712087
5.898128993
5.899046772
5.898439873
5.897917984
5.898003288
5.900444093
5.898012422
5.897188428
5.896782224
5.900552308
5.897198755
5.898635861
5.900025065
5.896921350
5.897917396
5.898855680
5.897996318
5.896860911
5.897079762
5.897041912
5.897099276
5.898263841
5.898821989
5.898175159
5.897089148
5.897606091
5.898671890
5.898130153
5.897152959
5.897045461
5.898122769
5.897280655
5.898078322
5.897461580
5.897203483
5.900091640
5.897288396
5.895972921
5.897183994
5.896699442
5.897985213
5.897509848
5.898091344
5.901153811
5.899943006
5.897514721
5.885845340
5.897095773
5.901125608
5.898269165
5.899774018
5.900664767
5.900408407
5.898008467
5.897667883
5.898723600
5.897683738
5.899534041
5.897988371
5.897114006
5.897842806
5.897323549
5.900543960
5.897527686
5.900110047
5.899226444
5.898475722
5.897351954
5.904007026
5.897829579
5.897027839
5.899602140
5.899622471
5.898193420
5.897095875
5.898019108
5.899493684
5.886098401
5.896944205
5.898865950
5.897628487
5.899915181
5.896800351
5.898255931
5.897104285
5.900799993
5.901644155
5.903479212
5.898194939
5.898436555
5.897255469
5.897040808
5.897609578
5.897741983
5.898491698
5.896783857
5.898083283
5.885703863
5.896649847
5.902605655
5.897204022
5.898348145
5.897502651
5.898354940
5.898084055
5.889038649
5.898556817
5.896906788
5.897152370
5.897562113
5.896723938
5.897260487
5.903225992
5.898625019
5.885174583
5.897413965
5.898535681
5.897354206
5.899186624
5.897291463
5.897118686
5.885515207
5.898988569
5.897227558
5.887144908
5.896515683
5.896414841
5.898345338
5.885971896
5.897141200
5.897427755
5.898220075
5.898481899
5.897428479
5.900280200
5.897218117
5.897467062
5.898909482
5.896787469
5.897236177
5.897343673
5.897575163
5.898002189
5.897018017
5.899434427
5.887348521
5.900121097
5.904030218
5.899343704
5.898857012
5.897820756
5.900188107
5.896839463
5.899119560
5.897890784
5.897045720
5.897246988
5.892973237
5.898770278
5.898870491
5.897937831
5.896741395
5.896810400
5.885284506
5.900858533
5.887679339
5.897722678
5.897780328
5.896899749
5.896717755
5.898322304
5.897803956
5.898267690
5.897521494
5.900183756
5.897147457
5.896977564
5.897309548
5.904080213
5.897420524
5.898979257
5.897609710
5.897858330
5.899041921
5.897472371
5.897546172
5.897920825
5.901768753
5.898561545
5.897774772
5.896687947
5.897544135
5.883996115
5.898168344
5.898799764
5.898324382
5.897597436
5.896868666
5.899422791
5.896704318
5.899508640
5.897274316
5.896773593
5.899885851
5.899049790
5.899757971
5.898180196
5.896733135
5.899350694
5.897652320
5.898495434
5.886964285
5.898440007
5.897153619
5.897816498
5.896892965
5.897752743
5.897498017
5.899885744
5.899809263
5.897613840
5.898286975
5.896526911
5.883883114
5.898652408
5.896789115
5.898869199
5.896814130
5.896854909
5.897044824
5.897445104
5.897737386
5.885536305
5.897470101
5.899745667
5.897998433
5.899134070
5.902003281
5.897803775
5.899631434
5.896927403
5.892374461
5.885937212
5.896916514
5.896986002
5.897560028
5.884583795
5.898833949
5.900091019
5.898747202
5.898045501
5.897119213
5.900128792
5.899433377
5.900787815
5.895583639
5.897202404
5.898051762
5.885318493
5.887538371
5.889509165
5.896907994
5.896751244
5.898160795
5.899374120
5.897357747
5.897704328
5.901200804
5.898849828
5.889770259
5.896899743
5.897012225
5.900016058
5.899932417
5.903688993
5.898213406
5.898056950
5.897503935
5.896893496
5.897513970
5.897745253
5.899099448
5.897377463
5.897156104
5.897580876
5.898206755
5.901047333
5.898763811
5.884337304
5.897454435
5.898845638
5.896791104
5.897719514
5.896656334
5.896565227
5.897232159
5.897893172
5.898642858
5.896857634
5.897364303
5.897994166
5.897375462
5.903565556
5.897903878
5.886202328
5.897655779
5.897756635
5.898791550
5.898252788
5.897269212
5.887965309
5.898185532
5.897672854
5.897062646
5.897702056
5.897416440
5.898340905
5.897952435
5.897739167
5.885268228
5.898224763
5.898308086
5.896934994
5.897817214
5.897024913
5.896808991
5.898220411
5.897988806
5.893088417
5.896646742
5.897684706
5.897900435
5.896807124
5.898526754
5.899325891
5.897821002
5.898192070
5.897255414
5.897460178
5.897555853
5.897752972
5.899215477
5.896666061
5.898205549
5.896442649
5.898056701
5.898215180
5.886836345
5.901596577
5.900329189
5.897990728
5.898806079
5.897125979
5.898480198
5.897218144
5.899670392
5.902237366
5.901372240
5.897439484
5.885588806
5.897396770
5.899866468
5.899657593
5.900217763
5.898526724
5.897946018
5.884823360
5.896752729
5.897427738
5.898250578
5.896629049
5.897834886
5.898169263
5.898015583
5.898115915
5.896446940
5.897289769
5.898415629
5.898693629
5.902029451
5.896974908
5.898544495
5.897259086
5.896170550
5.898947434
5.897359627
5.898506316
5.896913679
5.897627879
5.898825197
5.897043700
5.898576475
5.897611239
5.897647467
5.898026787
5.899476836
5.897627746
5.896885510
5.897670926
5.897528849
5.896582106
5.897092106
5.897446679
5.896968851
5.898097312
5.897105526
5.897127152
5.897917479
5.900350083
5.898553058
5.897458953
5.896609640
5.898442839
5.896399527
5.884713203
5.897293042
5.897050198
5.897567536
5.898605447
5.897571212
5.897205501
5.896011818
5.898799291
5.885883867
5.897633409
5.897545077
5.896248639
5.898863956
5.897592536
5.897979356
5.898218185
5.896699935
5.897536757
5.897558085
5.897856992
5.898653539
5.897277765
5.886201861
5.899550208
5.898075425
5.899911069
5.901844176
5.900305991
5.900349584
5.887723136
5.885328687
5.887806397
5.901736103
5.897125387
5.897688075
5.900535872
5.900030292
5.885680766
5.897531783
5.903209742
5.886912034
5.900517859
5.902458496
5.895753119
5.898663611
5.897889463
5.897590854
5.902741067
5.900551215
5.899325717
5.896658883
5.896800539
5.896407361
5.900575792
5.897448103
5.897620051
5.897859980
5.896149907
5.897546632
5.896585229
5.897726716
5.897969399
5.896738015
5.897590288
5.897172836
5.897994363
5.897408939
5.902247298
5.899312627
5.906354870
5.898926712
5.886159338
5.897368310
5.902816691
5.904660041
5.898223713
5.897526791
5.897065062
5.898761834
5.900656708
5.907052368
5.899395882
5.896685451
5.896437447
5.897359510
5.897233146
5.897838176
5.897331409
5.899238503
5.900742145
5.897812634
5.896550105
5.897083933
5.897683962
5.897834432
5.898814677
5.897153343
5.887179135
5.897469022
5.898742444
5.896232957
5.899768420
5.904015868
5.896781761
5.897435845
5.896981022
5.897647945
5.898183885
5.897361444
5.901002999
5.896660221
5.885016633
5.897709893
5.897054053
5.886548414
5.899066336
5.898049271
5.897626108
5.898712990
5.899215116
5.897921479
5.896778152
5.897843212
5.897169609
5.897781110
5.899850227
5.898946246
5.899046215
5.896826299
5.897463729
5.897512234
5.900978578
5.897146983
5.905042780
5.896840372
5.899082110
5.897395944
5.901161591
5.900308924
5.898475189
5.885092640
5.899742485
5.899154182
5.902600777
5.900412698
5.897806855
5.898057608
5.897711926
5.898392996
5.898130803
5.900538878
5.896758470
5.896652673
5.898449196
5.897498655
5.897586118
5.899019133
5.899010501
5.897073894
5.903369684
5.897633050
5.896669789
5.897708091
5.904913265
5.901465519
5.897339145
5.897785943
5.898229026
5.899181262
5.897861718
5.899005459
5.884571551
5.898088206
5.896701531
5.898515822
5.897836201
5.897212750
5.897458474
5.897221359
5.897838284
5.899487728
5.898733982
5.895958122
5.896799868
5.896731065
5.897961535
5.897334865
5.898582875
5.898945231
5.888374733
5.898139658
5.899036308
5.898688131
5.898239094
5.898244490
5.887197995
5.897412387
5.897797606
5.898731875
5.899254841
5.897969137
5.897305880
5.896748385
5.897788353
5.897729383
5.897325267
5.896832309
5.896586161
5.897776935
5.897595458
5.900153069
5.896863024
5.896570112
5.898113042
5.897646775
5.896315163
5.897390335
5.897330774
5.901199887
5.898120570
5.897222914
5.901571636
5.897094802
5.896309065
5.899050880
5.897774335
5.898429935
5.897623229
5.896691711
5.896792533
5.897476917
5.898655304
5.896565739
5.897017953
5.885347073
5.898504490
5.897392675
5.897307618
5.900573211
5.901947308
5.896179089
5.898619214
5.896927752
5.897597367
5.900413161
5.902183727
5.885841099
5.898576998
5.896886076
5.898431591
5.896848186
5.885570299
5.899564746
5.887758654
5.897518534
5.898239018
5.896843949
5.898050113
5.897490054
5.899034080
5.897741867
5.898647339
5.896880571
5.897549954
5.897498602
5.897616561
5.896377210
