0.709870116
0.710044499
0.713449389
0.720070211
0.709421103
0.701651246
0.704556653
0.705355699
0.690576960
0.813827915
0.706087125
0.721905353
0.698280990
0.695444612
0.711524596
0.710599798
0.705839466
0.698024901
0.694450028
0.714914681
0.702806927
0.700272873
0.695390019
0.700935487
0.708607232
0.710314457
0.700610785
0.701237647
0.688826141
0.701175018
0.698381790
0.687798300
0.707772778
0.691967441
0.704415204
0.697615668
0.694032941
0.704910992
0.688897480
0.713546416
0.707445875
0.696828977
0.700806844
0.698883057
0.703844356
0.697529367
0.694132718
0.723464026
0.695779121
0.715022339
0.695819936
0.683601106
0.716478945
0.702708292
0.702635071
0.694373244
0.690242807
0.699111082
0.696285833
0.711204583
0.688140504
0.709986733
0.693461266
0.701658882
0.691634926
0.690775810
0.683408113
0.686559554
0.685502872
0.707932347
0.690412123
0.697239737
0.705259901
0.682494597
0.700479749
0.701896017
0.694565019
0.698367124
0.707576383
0.719980076
0.710087430
0.686064559
0.709757377
0.706576768
0.717972859
0.701987360
0.727521943
0.730826256
0.723571895
0.707975570
0.702874572
0.703358748
0.691164144
0.702438515
0.714584258
0.685746798
0.697035248
0.704007618
0.698420155
0.708075455
0.700873021
0.695936137
0.683850134
0.695669847
0.703160030
0.697482829
0.718422097
0.698014679
0.697856502
0.697368470
0.701724345
0.707359519
0.696777912
0.699183082
0.699079293
0.702609306
0.703145861
0.712808928
0.697375552
0.703224151
0.686736375
0.698942781
0.698636498
0.703255834
0.716733885
0.700592482
0.686522030
0.711166436
0.700754483
0.711638580
0.685689238
0.703520902
0.765391091
0.722066338
0.694591530
0.698129632
0.705398795
0.699296100
0.700322165
0.717931897
0.710628633
0.716203049
0.720365165
0.688371109
0.706492199
0.696220502
0.708661622
0.693175371
0.704061417
0.709799007
0.709647627
0.711395684
0.708736211
0.685759493
0.705617886
0.706743980
0.706712940
0.683902069
0.710791512
0.711988724
0.716276931
0.707596562
0.699853823
0.697726285
0.708525587
0.716633265
0.706272901
0.698954682
0.706172986
0.712592657
0.708321750
0.719604599
0.723583851
0.726099547
0.689747569
0.696657399
0.696497653
0.701893310
0.711805455
0.706925377
0.706755863
0.698086234
0.693938564
0.681965622
0.707942658
0.703344649
0.700285746
0.711468098
0.704731961
0.706961332
0.726379303
0.686075874
0.699829371
0.694687719
0.710346885
0.698908691
0.707901261
0.699222661
0.696626770
0.718368571
0.711924249
0.716627756
0.711467307
0.706372308
0.707960259
0.695865724
0.694145899
0.692670184
0.698643160
0.711291430
0.703151239
0.677768687
0.695610109
0.710244454
0.717693860
0.679310441
0.693801900
0.697298727
0.679651260
0.709622220
0.684044717
0.697462676
0.691835643
0.701607177
0.704526360
0.697420970
0.682815842
0.707768483
0.686211149
0.710930587
0.700475991
0.699283693
0.699179816
0.700114334
0.711226929
0.697953479
0.694720968
0.681685278
0.698161298
0.705639033
0.713022051
0.707936644
0.705556823
0.696171392
0.715778306
0.687868544
0.715344241
0.693689857
0.694638345
0.711488257
0.702337090
0.688110159
0.696069016
0.701492575
0.718608082
0.701029092
0.725764676
0.728796954
0.731576347
0.710228335
0.709989465
0.702392888
0.703521414
0.698437207
0.704496995
0.693632561
0.700473026
0.680788735
0.702007928
0.711543305
0.713521768
0.697919066
0.695150088
0.690866183
0.707695227
0.701536584
0.703264574
0.706707443
0.704868952
0.706518478
0.694778244
0.695864410
0.689533334
0.711034190
0.688781395
0.693766782
0.701462619
0.710539858
0.688470478
0.689303486
0.699789135
0.698080418
0.691597898
0.704294465
0.732472041
0.712768144
0.697527612
0.683280130
0.697637522
0.719495917
0.714524563
0.703596062
0.699933638
0.694445958
0.713383128
0.677234140
0.700759684
0.700792876
0.701126327
0.714287605
0.700886277
0.699827389
0.700034415
0.717496385
0.710346453
0.693340293
0.698596301
0.692107734
0.685580790
0.694811498
0.683935579
0.695951179
0.704599149
0.698697086
0.685437461
0.695841826
0.694751024
0.699588089
0.713108434
0.695353520
0.703768564
0.690583256
0.696050121
0.717370945
0.707055363
0.686775725
0.694004367
0.701773298
0.716551543
0.717430912
0.710291118
0.721484696
0.735423737
0.723643827
0.701278046
0.695405620
0.701860979
0.697836339
0.690399121
0.721599030
0.697740220
0.687275220
0.687284932
0.705636269
0.705851574
0.693732968
0.695249058
0.703040437
0.707286724
0.714353358
0.694828376
0.694949415
0.703551041
0.686225664
0.704602375
0.697853040
0.686354698
0.710783878
0.702627406
0.701198879
0.684848490
0.694522145
0.718534369
0.694069212
0.699278279
0.677054388
0.688210911
0.690500998
0.697333008
0.716385790
0.697179836
0.690414052
0.697402243
0.701310241
0.706708316
0.708505865
0.694574469
0.684438795
0.695318010
0.702593905
0.701230461
0.694986432
0.694007177
0.707223235
0.721797446
0.691802123
0.699511345
0.707528397
0.701500130
0.702960966
0.703798348
0.695313270
0.701672977
0.701005255
0.700993693
0.694760212
0.704671174
0.696907362
0.685286537
0.696321602
0.709557881
0.715590712
0.695888189
0.705554994
0.695579945
0.695192571
0.699961334
0.704547082
0.686041103
0.707452925
0.695840664
0.707358596
0.694742515
0.700425063
0.708516847
0.701879030
0.713759501
0.729203571
0.713662867
0.697595573
0.717729778
0.703871083
0.700804842
0.698834510
0.702584060
0.698610322
0.694291905
0.698980544
0.695249199
0.704203720
0.705042454
0.717902326
0.693086606
0.681156120
0.713157731
0.676528451
0.694917798
0.700358106
0.708388121
0.701523337
0.695475900
0.700132769
0.695923466
0.691217530
0.700876571
0.703788054
0.700090878
0.697597439
0.710652530
0.702211363
0.708516178
0.688418656
0.695159503
0.685561449
0.694207760
0.700661191
0.709913894
0.699911936
0.700521800
0.705395408
0.691353474
0.700792226
0.699674545
0.696614731
0.707535621
0.714876526
0.701545140
0.703415409
0.702974148
0.722316969
0.699081225
0.714984504
0.687168833
0.690555500
0.707209208
0.711952590
0.684372800
0.699492111
0.699183395
0.710044177
0.707628146
0.683338559
0.682928889
0.707024181
0.692288230
0.704580248
0.695003499
0.692254543
0.686950588
0.712122142
0.711003259
0.689668860
0.711348041
0.705820553
0.701303229
0.708215790
0.692122821
0.697320947
0.706409468
0.703189995
0.695533565
0.704476368
0.715842146
0.732592986
0.740042984
0.691180374
0.696535337
0.696849519
0.695977542
0.708944567
0.722162636
0.686860096
0.693945727
0.692661123
0.703868054
0.696281112
0.689577140
0.701702334
0.693512837
0.707579408
0.696070331
0.700795735
0.698396619
0.711995229
0.714216889
0.700206097
0.696739628
0.692809285
0.701420830
0.711448236
0.712716651
0.686101071
0.692302537
0.705355231
0.703260692
0.683081317
0.697006140
0.716390738
0.705208154
0.715508817
0.701440707
0.701830979
0.700566833
0.687799661
0.711465953
0.684178728
0.702862749
0.686143271
0.680171591
0.703347021
0.693803814
0.683864649
0.690884500
0.694863669
0.713146140
0.711667831
0.683993703
0.705869529
0.701436244
0.695540526
0.701539314
0.680348817
0.686152776
0.704550016
0.726005571
0.706906757
0.690391255
0.699803320
0.714731759
0.705974964
0.701066145
0.700553536
0.708801159
0.726316522
0.705347699
0.694693638
0.692259883
0.695407301
0.700204391
0.705952772
0.703087504
0.695927354
0.701549556
0.714260794
0.686022952
0.690423468
0.686030628
0.723262110
0.745922412
0.731089973
0.716208543
0.704946345
0.699717491
0.697223781
0.693984399
0.701141354
0.706656146
0.709289713
0.699542952
0.697533521
0.709054330
0.686256018
0.700359241
0.710904544
0.690746857
0.690463351
0.691787926
0.701847533
0.716102680
0.719378144
0.705967889
0.704135079
0.692952692
0.708425728
0.700970498
0.697646116
0.711420771
0.702789639
0.712875155
0.714578206
0.687671581
0.693024435
0.692338915
0.703052853
0.698436154
0.702391565
0.698718748
0.691623777
0.713627468
0.690241311
0.698415428
0.696967567
0.698336938
0.702891859
0.697698627
0.700856857
0.707483781
0.705633594
0.694623125
0.693179008
0.691568962
0.684415310
0.688777594
0.705071783
0.693039195
0.700796425
0.693472715
0.697174071
0.717005816
0.696941640
0.704190626
0.682195941
0.702191918
0.704815374
0.695741304
0.698090844
0.698003177
0.692293004
0.706803054
0.691618670
0.698092429
0.697196044
0.704760023
0.695614180
0.696971123
0.698958991
0.697544591
0.697196370
0.696244114
0.699239307
0.695007351
0.693483268
0.725451563
0.735980546
0.725556322
0.702861056
0.713353742
0.702084586
0.709132477
0.693906537
0.689628567
0.692413596
0.696015791
0.701893833
0.720562673
0.678484242
0.694698019
0.700644553
0.714422243
0.700615649
0.704084230
0.693219586
0.702077320
0.699977667
0.685391159
0.695529980
0.701966544
0.716691600
0.710603941
0.694462288
0.702960800
0.697301942
0.692713136
0.713587345
0.697657523
0.683088393
0.707428652
0.696016087
0.705127486
0.704722811
0.690340595
0.700834087
0.701409684
0.705166540
0.705560428
0.693191127
0.699365718
0.704471372
0.706785982
0.698978490
0.698325002
0.705703627
0.694421377
0.690888821
0.701900882
0.689176959
0.715788280
0.690219045
0.711496832
0.710261710
0.689968820
0.709986093
0.704370488
0.704923208
0.690612537
0.688128381
0.698063105
0.699124371
0.699449890
0.703384148
0.695146313
0.700856297
0.701718639
0.708652608
0.694147839
0.701419319
0.704307232
0.690788045
0.704209567
0.705578069
0.700931416
0.698502993
0.694769687
0.716032519
0.701660181
0.696157581
0.701594066
0.709563092
0.740697749
0.707246095
0.708637755
0.705761981
0.707583881
0.700355629
0.700234178
0.707243571
0.701997218
0.696262239
0.709818300
0.707728474
0.704371056
0.703799669
0.698915589
0.698428426
0.690301143
0.695501135
0.695357127
0.677879296
0.703084896
0.699770524
0.707228016
0.707531225
0.699312539
0.708708296
0.707701418
0.690312846
0.686036015
0.697394689
0.707365011
0.731429258
0.712748545
0.704495313
0.687459729
0.705502270
0.694929665
0.702191042
0.700514901
0.684384389
0.727759559
0.704403343
0.709414881
0.694467895
0.687241063
0.705682605
0.703245432
0.714290945
0.691033529
0.703711543
0.714138089
0.698047527
0.699658949
0.693102238
0.692390793
0.691147455
0.693092472
0.684311975
0.711870695
0.703051161
0.704812650
0.706666874
0.707337234
0.700333859
0.682332945
0.703774601
0.696638176
0.705079155
0.696937457
0.699610992
0.709018236
0.709478313
0.699374816
0.692423996
0.704503519
0.699920018
0.708199543
0.710546660
0.699806611
0.697728211
0.692140256
0.689041623
0.692773562
0.705764397
0.712822452
0.756391967
0.721199681
0.696621120
0.694581180
0.682182637
0.713773031
0.707911968
0.689441355
0.701528498
0.711833925
0.710561247
0.701464887
0.703001850
0.696875338
0.699799358
0.715282169
0.705203386
0.704654818
0.715025092
0.697757608
0.688994635
0.700716035
0.704457348
0.700422182
0.699293793
0.701644467
0.707791627
0.717167659
0.696488009
0.694941644
0.707680586
0.702977731
0.703101414
0.691840544
0.697552194
0.704919856
0.696618292
0.697781478
0.703801041
0.685710347
0.712401664
0.699215228
0.697824308
0.699275274
0.702105357
0.717380946
0.719020717
0.704228006
0.708855921
0.682451112
0.704203645
0.702185935
0.701697521
0.698686843
0.693183411
0.706138470
0.700807407
0.694704182
0.695261402
0.692387360
0.685793132
0.697835646
0.695997661
0.709430917
0.695487067
0.714883823
0.710198905
0.701550662
0.699745213
0.695406082
0.718393586
0.692692659
0.703314281
0.696970720
0.707860536
0.711237236
0.710022205
0.684739693
0.702189874
0.704412071
0.716459917
0.714754777
0.695375597
0.696840351
0.718652252
0.755671001
0.715937068
0.705847309
0.698037509
0.699844346
0.718171221
0.704224664
0.701754071
0.701940725
0.701514315
0.695053046
0.700723639
0.696764542
0.689626599
0.698720773
0.711147701
0.704328915
0.703083191
0.699184505
0.691845879
0.711085608
0.715996184
0.701706785
0.708041544
0.700798868
0.716964257
0.708657097
0.696177737
0.703023239
0.697869385
0.713760104
0.714592697
0.721148605
0.713012076
0.708164720
0.696965492
0.698419675
0.693244847
0.703250965
0.703740148
0.715454152
0.717455605
0.698371133
0.704864762
0.698042558
0.710578783
0.705370388
0.701640825
0.711226627
0.700849853
0.709477071
0.698372358
0.696945942
0.710332182
0.699268585
0.720436325
0.696916686
0.693831819
0.701985190
0.697169836
0.709877135
0.698995121
0.929317982
0.912056271
0.924291847
0.918554984
0.920251015
0.928994418
0.926564270
0.918667392
0.922305971
0.896449159
0.920023985
0.912911368
0.928478608
0.907716137
0.927458497
0.918063998
0.888249450
0.928802601
0.969547707
0.939996935
0.908218888
0.924421957
0.925586371
0.913361997
0.922974510
0.929055513
0.952098781
0.909431270
0.902311614
0.928259778
0.898200609
0.916391207
0.919335275
0.935124225
0.926946442
0.901825036
0.906480924
0.899638141
0.933342449
0.944375794
0.932972665
0.926611808
0.955342241
0.917785172
0.916812608
0.927667762
0.924990613
0.961131550
0.920561187
0.914466548
0.916003451
0.917397277
0.915123223
0.935938354
0.909640014
0.925153894
0.939729425
0.924014920
0.914693032
0.918798328
0.923374479
0.914141832
0.951021812
0.915661404
0.916507084
0.923760666
0.928936633
0.922508980
0.932440559
0.915620185
0.921330260
0.932815001
0.918023924
0.927669462
0.908701685
0.928392401
0.916815747
0.921012764
0.917560083
0.918886267
0.930343226
0.922333309
0.955315817
0.952989546
0.925765512
0.911038471
0.931605188
0.925952804
0.921765914
0.954730625
0.922265133
0.919386369
0.899743563
0.919842425
0.924465126
0.926166804
0.937980800
0.900924237
0.918452976
0.921282868
0.920777664
0.921181142
0.937009034
0.926510071
0.917917541
0.913873418
0.940036357
0.924044621
0.894819081
0.932656130
0.918628802
0.907426321
0.926057665
0.927101671
0.924350434
0.921858775
0.932602678
0.932804647
0.924143109
0.932453244
0.931621814
0.917134673
0.919348435
0.907016014
0.929840534
0.907028353
0.932170141
0.921480155
0.919782459
0.914882590
0.893496195
0.917484649
0.901184424
0.919237102
0.915449155
0.935029734
0.924476503
0.898846474
0.928399913
0.924662050
0.912301362
0.921427393
0.931560782
0.920556948
0.915216077
0.934524848
0.904776043
0.948377626
0.968326757
0.923993436
0.921910915
0.893883337
0.921342018
0.908245154
0.931776024
0.925693019
0.928872192
0.925283426
0.922668913
0.933791199
0.925086137
0.921874825
0.913137908
0.939861109
0.888626119
0.925320112
0.934437151
0.916625098
0.920508597
0.917308032
0.906003635
0.909875009
0.938339778
0.939836307
0.935659201
0.918419065
0.921185248
0.923077071
0.899587491
0.924473806
0.933788290
0.918113167
0.925455742
0.926938287
0.911900069
0.919789952
0.941561417
0.939748400
0.933297115
0.910403208
0.919362052
0.919647389
0.911593887
0.926119062
0.901971906
0.893643820
0.924137988
0.934250912
0.921507669
0.926365830
0.931830346
0.933593473
0.927272937
0.914792534
0.907040448
0.915696787
0.922794729
0.899120360
0.928010263
0.932305867
0.926875203
0.898709101
0.925984462
0.973143394
0.920325784
0.929801025
0.922265986
0.931423635
0.915712704
0.907815208
0.933898758
0.931556927
0.929136593
0.905445492
0.932112814
0.902365718
0.916205405
0.942845943
0.935382161
0.925926193
0.927209162
0.911772848
0.927096833
0.926005397
0.927296546
0.912596939
0.926657288
0.925752009
0.918558473
0.913181193
0.937489969
0.931694800
0.892817102
0.948510498
0.906824358
0.908528567
0.890594420
0.929478082
0.912507624
0.906741284
0.942591514
0.903770357
0.895522445
0.910553523
0.929238083
0.938104710
0.920527268
0.907554699
0.914426413
0.935480339
0.932248118
0.917024781
0.916269028
0.922767824
0.928388414
0.893426063
0.915145927
0.939131160
0.917769431
0.899043133
0.910360456
0.911098874
0.920482576
0.911195754
0.930862645
0.930634822
0.902520943
0.938087427
0.955989118
0.918512483
0.922320673
0.932166140
0.918742085
0.923080717
0.925142735
0.936539752
0.925621915
0.925894725
0.913138862
0.915277554
0.905804393
0.900536725
0.925177619
0.904981742
0.930457345
0.916502804
0.920398033
0.920755144
0.899961832
0.908201147
0.932448811
0.936446544
0.945283572
0.896994710
0.908562800
0.908007924
0.929526524
0.919883572
0.931965396
0.919592759
0.920152112
0.914173269
0.900017737
0.906050580
0.920676872
0.920936065
0.931723428
0.924545927
0.914915907
0.927769086
0.947501469
0.921750079
0.896110920
0.917659821
0.924728481
0.924530247
0.927838024
0.926010173
0.920623933
0.928183292
0.952927687
0.925089018
0.911477363
0.924306820
0.941229556
0.928446348
0.919971983
0.902101460
0.925657530
0.909867631
0.930358982
0.927110394
0.939350164
0.974894851
0.942483286
0.908431997
0.920768871
0.925388052
0.941554608
0.921034676
0.915391222
0.933066523
0.917428287
0.925848126
0.922166598
0.931051700
0.925745067
0.923263907
0.917149988
0.917377402
0.926151043
0.899433237
0.922744406
0.923348008
0.935777192
0.928191625
0.904636605
0.934226742
0.911108813
0.920407729
0.928845722
0.928868617
0.888157429
0.930446942
0.935392759
0.913123781
0.917524554
0.914890442
0.921627889
0.930927249
0.894061766
0.942233143
0.902886553
0.938135838
0.923545932
0.912325596
0.919830912
0.928082579
0.940709385
0.886490034
0.927941465
0.919560139
0.924214489
0.910561342
0.924853265
0.918552169
0.936611402
0.933613274
0.917636901
0.922580337
0.922520885
0.938730552
0.923048353
0.904535552
0.929992534
0.914693238
0.909911772
0.932014096
0.980916751
0.917804327
0.919435335
0.927789952
0.909441207
0.902732892
0.928907340
0.908397424
0.922497593
0.917092731
0.937387615
0.926824712
0.905011369
0.917344548
0.920690591
0.918997088
0.919172200
0.926846946
0.916787358
0.922937532
0.939947153
0.927697755
0.928870902
0.908518831
0.919678683
0.922370929
0.922301841
0.921550560
0.921906328
0.920166996
0.919086739
0.929808971
0.915287672
0.930413241
0.924357471
0.940836368
0.924962381
0.923198360
0.922948068
0.914577591
0.929765079
0.910849890
0.916937582
0.922525407
0.896567480
0.909188450
0.906441642
0.929634789
0.889389603
0.923900319
0.926890918
0.909607152
0.906958235
0.921817375
0.925726440
0.900734013
0.937253174
0.925756681
0.911681595
0.940619810
0.934285748
0.933019734
0.913470296
0.928096651
0.917913568
0.973902381
0.904958734
0.933322059
0.901471289
0.899434788
0.940215055
0.918288639
0.900633550
0.936468125
0.934084806
0.892081081
0.922634211
0.933460427
0.911884178
0.919375544
0.908470616
0.916094131
0.911977429
0.910200408
0.918762905
0.914706713
0.918632875
0.909816248
0.933731241
0.927870957
0.919215222
0.922534436
0.925277436
0.927786827
0.912580552
0.915188350
0.929356169
0.936636240
0.910019416
0.919669980
0.930156736
0.951149037
0.930106023
0.922974376
0.918431026
0.920053421
0.919307400
0.919020432
0.907599598
0.921374533
0.942675127
0.923684330
0.893996832
0.922897764
0.915817861
0.923659315
0.921202343
0.891755280
0.929253098
0.915904519
0.920479607
0.951312880
0.930431676
0.912972344
0.903820959
0.920587037
0.899204935
0.924855707
0.925628780
0.936207722
0.988749551
0.911575746
0.924403425
0.917203085
0.909126164
0.927213336
0.930614871
0.906401493
0.906209894
0.925111970
0.935321522
0.902925706
0.924466840
0.915831995
0.900041462
0.918797142
0.913444897
0.933870854
0.895517538
0.928073949
0.905215099
0.899569217
0.908504565
0.916749207
0.946799395
0.919804636
0.932995431
0.933757097
0.925399081
0.922618282
0.902978445
0.915248774
0.926334218
0.913009543
0.937998774
0.900324688
0.911321800
0.929352956
0.944624562
0.911066485
0.891103504
0.923100891
0.920645754
0.914514658
0.938083060
0.917728466
0.915191184
0.922479547
0.923745790
0.919623698
0.934177269
0.913947298
0.920736155
0.913164039
0.933774936
0.939224965
0.923029575
0.928731298
0.898806305
0.921676916
0.925881237
0.925065358
0.924382170
0.902611901
0.955342380
0.982632460
0.915950827
0.922445245
0.914214539
0.934232176
0.936652411
0.929068473
0.896319740
0.908628260
0.919424332
0.911353725
0.940973239
0.926873941
0.935470636
0.939056218
0.918439669
0.922944609
0.934095057
0.897923328
0.913431439
0.904751079
0.917025414
0.932988193
0.896363560
0.926726628
0.916759928
0.934268955
0.921499510
0.913861784
0.917057265
0.931108420
0.925889382
0.913894418
0.927608542
0.919631114
0.918573116
0.909156636
0.896352237
0.926886313
0.932709024
0.930872066
0.893157808
0.900514754
0.938867485
0.911037161
0.920017506
0.936698845
0.922062838
0.918310220
0.885324072
0.884902849
0.918216695
0.917381744
0.947043066
0.889335770
0.901177725
0.918313227
0.892576586
0.910235461
0.927004007
0.954437621
0.907953367
0.935789956
0.916047048
0.943348444
0.965902210
0.906868327
0.912099101
0.968465880
0.932107115
0.917532985
0.908059157
0.915687710
0.932243386
0.932873668
0.921106774
0.920614707
0.893027665
0.913578927
0.930042263
0.937985331
0.929454776
0.918191867
0.924373460
0.926415400
0.927758184
0.927636131
0.906153412
0.931417574
0.908446935
0.902225178
0.925085004
0.893829459
0.940849302
0.897347677
0.933589560
0.922165092
0.922673248
0.919239275
0.908905073
0.926918046
0.897944460
0.955109843
0.925123979
0.929072861
0.924862841
0.922937264
0.934672664
0.912315645
0.928767746
0.942628424
0.916770959
0.905252487
0.922481150
0.924072520
0.916312064
0.939281668
0.929533025
0.922546987
0.919512178
0.944984653
0.927528796
0.919592830
0.935617906
0.917306442
0.901647869
0.940315177
0.939515468
0.903280602
0.930231925
0.979835992
0.922300963
0.927950703
0.933286124
0.914325726
0.915433366
0.940632325
0.935974023
0.924140654
0.914089424
0.935741228
0.909514503
0.909343865
0.927572708
0.922742564
0.907796944
0.917887776
0.907381292
0.926043088
0.921029695
0.905375451
0.922457971
0.919053380
0.932053100
0.933667969
0.923689918
0.917063638
0.925310782
0.915185179
0.927057747
0.908881200
0.917999925
0.911070999
0.916952324
0.899380258
0.942988360
0.914393908
0.914538876
0.917360215
0.911995570
0.920075841
0.897284474
0.930101177
0.925695804
0.927665482
0.918153659
0.921488141
0.918749227
0.900048392
0.939051165
0.912106591
0.934667044
0.914105930
0.926984127
0.917934765
0.920651327
0.929931688
0.937641518
0.929675928
0.914651299
0.925091361
0.917451980
0.933911621
0.946982067
0.951190193
0.979414601
0.913586041
0.933056861
0.910486414
0.900921386
0.939276318
0.925623737
0.917099448
0.924170865
0.914355747
0.935897377
0.917163207
0.926053720
0.913274623
0.923307896
0.925530933
0.912795478
0.925480779
0.908966576
0.947388595
0.903066649
0.912857889
0.926418312
0.913666602
0.933674769
0.929239226
0.936166973
0.906531982
0.897972596
0.936223440
0.920100772
0.918949411
0.926656069
0.937893929
0.911806878
0.907609669
0.910103279
0.923513282
0.917147125
0.942693114
0.929124734
0.927793551
0.931619954
0.915619307
0.921184724
0.925082795
0.916363006
0.934566455
0.911882335
0.923806843
0.907215846
0.925988068
0.954466018
0.890773289
1.021989685
0.906876811
0.913621217
0.926449482
0.915176690
0.939822572
4.986153330
1.030589538
0.938127147
0.923217793
0.947864786
0.922836670
0.923360371
0.900536846
0.924620656
0.933008738
0.915919018
0.918230881
0.919716735
0.931949752
0.920932089
0.921511516
0.892460791
0.919691444
0.925096751
0.924005401
0.896750110
0.907886580
0.938450875
0.903081808
0.914674130
0.937568072
0.941626853
0.922885108
0.924138444
0.935801867
0.919411216
0.927369029
0.927205417
0.909560153
0.932571258
0.908260010
0.944351623
0.917204057
0.906799669
0.950359450
0.927513223
0.934685672
0.893450078
0.930362406
0.921330318
0.910623168
0.925947742
0.921649663
0.926296106
0.926332598
0.932078122
0.917249116
0.934210193
0.929189364
0.925740125
0.917358561
0.909834471
0.922965839
0.914550606
0.924964414
0.913113783
0.934371996
0.897713672
0.917269890
0.919894840
0.903955397
1.005688290
0.923000346
0.917578145
0.918990371
0.924272902
0.922233542
0.936017999
0.925154397
0.923690891
0.918922282
0.911198273
0.921461879
0.928860572
0.921739631
0.927252806
0.903996227
0.917156048
0.923083183
0.926872357
0.906622002
0.918033185
0.926979057
0.916160347
0.936109875
0.906559382
0.924740414
0.934198084
0.927706459
0.931001833
0.878036388
0.935100201
0.914931861
0.912382024
0.940048163
0.920050453
0.897021043
0.908714430
0.919762745
0.900637530
0.911231456
0.929410382
0.928352313
0.900658238
0.925483720
0.912863368
0.923828224
0.911295811
0.931201014
0.917263791
0.914478147
0.924752169
0.916479472
0.915363598
0.932787499
0.932220440
0.917055916
0.902627197
0.927556423
0.918230274
0.890067517
0.922774685
0.928132250
0.909478210
0.929171576
0.894671539
1.000082354
0.912519681
0.927182578
0.920223430
0.919315817
0.905549393
0.891972201
0.923495721
0.911530349
0.933500183
0.924862446
1.568014009
1.516337326
1.596466025
1.550839478
1.565877831
1.596657617
1.547541611
1.578310223
1.566895697
1.603028226
1.562720080
1.559427138
1.599168564
1.523300213
1.549242254
1.580748639
1.601848033
1.541887191
1.538496711
1.571552363
1.562435083
1.574930135
1.544636816
1.564284017
1.583759323
1.547724300
1.565927669
1.534210321
1.567647463
1.594160929
1.542888844
1.558404871
1.639810603
1.548262313
1.576333657
1.573198352
1.608897459
1.545478699
1.549599276
1.577788328
1.571375380
1.545913925
1.546303369
1.560459693
1.600134596
1.575971729
1.559509051
1.581068075
1.590823184
1.577781774
1.567442379
1.561073919
1.573120644
1.506674093
1.558809591
1.546789998
1.529266274
1.544875443
1.564161723
1.536762754
1.580292286
1.559033253
1.569709748
1.571794195
1.559026245
1.546229261
1.554507524
1.568229971
1.579118461
1.556757758
5.661290765
1.628994459
1.565927719
1.566397041
1.557544474
1.552820318
1.574440390
1.536021909
1.560803350
1.538247760
1.554076319
1.552383756
1.586617108
1.587528398
1.550456731
1.559652431
1.545703626
1.568750454
1.587415335
1.535057401
1.572529499
1.595910894
1.556433400
1.572282160
1.544950821
1.566205775
1.565735638
1.599519965
1.568211556
1.535878682
1.554761587
1.550510103
1.543271642
1.578613107
1.540288595
1.589584467
1.559119612
1.548786929
1.563469334
1.546419334
1.611246901
1.573746915
1.547399867
1.576611830
1.537130032
1.557419169
1.551084866
1.580429563
1.542651274
1.558271411
1.572360311
1.554219015
1.571934086
1.560959868
1.572031386
1.532048301
1.580785775
1.571297591
1.563684620
1.522356428
1.576728072
1.565778106
1.572451992
1.573624582
1.576019506
1.563342024
1.540687035
1.584359769
1.578329674
1.569017531
1.555748108
1.591066448
1.549200166
1.553193097
1.543595659
1.555363307
1.551960052
1.558712613
1.548215590
1.646952043
1.560104299
1.583260552
1.556715349
1.542002252
1.586510339
1.572047660
1.530514886
1.560857260
1.560156682
1.567496227
1.561018879
1.578984182
1.566122680
1.559525494
1.561651702
5.662439564
1.579448694
1.570602343
1.566372373
1.544680356
1.565447123
1.577036505
1.570840042
1.558624937
1.610570207
1.547650543
1.563188900
1.596269352
1.558512763
1.554352593
1.557443986
1.582310286
1.535202798
1.544128783
1.578294679
1.629077694
1.556022548
1.573799688
1.603618440
1.549710996
1.565811190
1.581780266
1.573517549
1.543312892
1.551287122
1.546937133
1.548473436
1.578218038
1.572596978
1.592546804
1.565117002
1.543001295
1.581236571
1.548170097
1.566436704
1.560135273
1.559187026
1.557997817
1.582129993
1.558692189
1.540651072
1.546946197
1.570479242
1.555633864
1.582294827
1.537168175
1.586274968
1.577197401
1.597940046
1.563327059
1.583019473
1.569472809
1.544865698
1.570272155
1.644815547
1.587802794
1.570456425
1.560485575
1.566330723
1.591094111
1.530380789
1.550910854
1.553720538
1.593340277
1.574634741
1.570092596
1.563237357
1.550549611
1.540119322
1.509029618
1.563828578
1.560954460
1.586709103
1.554682581
1.516766764
1.537948394
1.564427538
1.550290168
1.538914282
1.515695470
1.578959794
1.524522168
1.561401802
1.572215360
1.562613052
1.734326658
1.541438552
1.549791379
1.604038872
1.581438787
1.564210629
1.617337739
1.578938574
1.628672191
1.560689228
1.556763221
1.532980196
1.561135602
1.587963536
1.526693586
1.575690547
1.552268112
1.616711959
1.534590510
1.584823890
1.578435825
1.570983973
1.560796746
1.582547557
1.577306340
1.545345633
1.581444341
1.568225806
1.547597143
1.546046528
1.568211775
1.568218287
1.571022447
1.519321515
1.555817112
1.546134996
1.538194323
1.586699237
1.505988264
1.545838903
1.571300869
1.555057719
1.565313586
1.559229245
1.581985502
5.658367057
1.628449182
1.576594490
1.564391579
1.573157138
1.570667704
1.592151120
1.567938747
1.523240448
1.572270238
1.563297291
1.569602115
1.548941951
1.553237904
1.534879073
1.520940486
1.566351282
1.570892314
1.558446858
1.564962925
1.562336946
1.598925298
1.568729289
1.561223714
1.574713147
1.526672595
1.583420201
1.543514567
1.537929140
1.591177980
1.527370679
1.760588921
1.559504242
1.602289023
1.591282238
1.564600488
1.562958912
1.563739243
1.572162204
1.569467568
1.580260737
1.574337524
1.547279747
1.585132167
1.564220108
1.524158965
1.562626350
1.590557750
1.566094112
1.565400892
1.519120634
1.573559939
1.549657427
1.550375201
1.548955959
1.753388898
1.554317550
1.562532637
1.547297267
1.588006257
1.554029780
1.571721528
1.512833680
1.561299498
1.552359671
1.579478394
1.563967876
1.596859846
1.551923520
1.520132807
1.570611195
1.573118572
1.554706787
1.648225463
1.553220838
1.551430141
1.547498339
1.541841824
1.550990059
1.630206009
1.574594405
1.552180876
1.568870430
1.550057829
1.550888080
1.521336576
1.552060856
1.534975440
1.528159981
1.611217479
1.571426015
1.571543546
1.577791969
1.548615938
1.582306560
1.568511574
1.557073557
1.526138128
1.553066238
1.500808061
1.553084137
1.563382505
1.570736505
1.543740776
1.513088843
1.569916396
1.564310589
1.576345228
1.513633424
1.533385986
1.562597735
1.547056600
1.554519666
1.575059806
1.551178256
1.554683669
1.561587083
1.542272548
1.644554794
1.551827707
1.553270741
1.536680747
1.554281210
1.547032402
1.554842226
1.580688852
1.551374916
1.568763878
1.557633171
1.577000490
1.574209867
1.569658282
1.582286447
1.564903211
1.564124688
1.569807705
1.536551388
1.570071222
1.533190419
1.587402552
1.567517663
1.571060539
1.558064917
1.541253104
1.570918493
1.537168474
1.553390535
1.547161041
1.567184862
1.586653411
1.576932815
1.564118141
1.552287584
1.545726157
1.586997070
1.549216099
1.571725349
1.642095976
1.552050339
1.546906048
1.532693680
1.584654060
1.562529475
1.543581052
1.574735983
1.565351548
1.569866819
1.747480367
1.576895228
1.570921887
1.549351656
1.562414309
1.547765083
1.591934228
1.543398740
1.550899023
1.567076672
1.552344926
1.536408366
1.550532778
1.537398361
1.594732767
1.545473761
1.574378741
1.563481379
1.577063449
1.561222168
1.555002244
1.541933819
1.573857019
1.564760325
1.600436643
1.562337646
1.547152715
1.564044574
1.568108550
1.629598576
1.567607478
1.515622884
1.553604302
1.545524058
1.575407851
1.565373070
1.550532923
1.551529911
1.544508354
1.575056067
1.554076854
1.575745050
1.557382464
1.549683798
1.539778482
1.528349047
1.570661621
1.515757036
1.571532051
1.551384758
1.591056594
1.546232147
1.557263022
1.583618669
1.570460136
1.568024334
1.543121343
1.576778910
1.556713205
1.569546663
1.541836684
1.588531004
5.692115718
1.521560719
1.587401528
1.599623289
1.574107561
1.556998915
1.585720771
1.549483874
1.562882146
1.566544705
1.553968025
1.559765523
1.588062128
1.569758620
1.594513845
1.542518930
1.569910534
1.527103903
1.583533737
1.539590734
1.562911299
1.554640453
1.550927647
1.569586117
1.517219820
1.569380480
1.590273237
1.539950509
1.541720199
1.554169193
1.591395168
1.569058233
1.546640480
1.564774324
1.547979079
1.556137299
1.566668879
1.544706272
1.583045114
1.561364472
1.578250836
1.580420887
1.701518216
1.569891221
1.580889887
1.584789371
1.583098445
1.549292458
1.516628524
1.593423128
1.578794449
1.577504542
1.563431266
1.572227985
1.539780676
1.577490217
1.565112315
1.557235828
1.555701558
1.553896712
1.587377766
5.658429993
1.559457818
1.601564254
1.508411819
1.566545552
1.566348207
1.584830627
1.584340973
1.578992378
1.580685760
1.562245310
1.552783496
1.560464079
1.569573127
1.555863920
1.587510871
1.547841890
1.675084716
1.555923273
1.547635432
1.548347317
1.575753880
1.535642248
1.579663296
1.553058359
1.558511005
1.567361228
1.566394807
1.551887559
1.566261053
1.524672600
1.569299419
1.563504355
1.571149274
1.576920669
1.585416567
1.569399157
1.578206591
1.516663721
1.579516993
1.560803937
1.575088069
1.511652197
1.569287114
1.569327276
1.530212456
1.571771578
1.562057399
1.538997969
1.576355306
1.551007533
1.568169303
1.573629347
1.584883182
1.539881250
1.580824368
1.632160294
1.556258095
1.583927428
1.505547300
1.571289489
1.558168524
1.573888892
1.577893968
1.552529916
1.572026908
1.543120405
1.584893831
1.571118440
1.600857605
1.538498646
1.569730322
1.611783254
1.584596394
1.537195434
1.548414153
1.551096186
1.561860225
1.551243880
1.557561954
1.581784545
1.576438908
1.531071611
1.596975875
1.600202490
1.569116324
1.558734832
1.516357021
1.541723005
1.561688394
1.549746743
1.550439328
1.566467481
1.556647531
1.558814716
1.651396216
1.566920211
1.571327568
1.545640330
1.551798213
1.564955812
1.571027303
1.545804307
1.577562641
1.545677615
1.585950641
1.577807528
1.591569785
1.545112481
1.563544826
1.592541647
1.525921379
1.561404549
1.544431177
1.598925546
1.573883794
1.557523762
1.567452219
1.583559631
1.560958758
1.576855505
1.551166252
1.558352825
1.584736033
1.564909667
1.558087155
1.509314743
1.574417984
1.557772520
1.547262150
1.549744612
1.556551428
1.577224771
1.562548102
1.646496142
1.544367354
1.561754015
1.584021637
1.608952148
1.529562958
1.561850378
1.547656361
1.566137946
1.558728204
1.578702604
1.559795788
1.525848180
1.533587214
1.540799714
1.590903295
1.565256817
1.565086663
1.556693693
1.571940255
1.556934081
1.563662649
1.570293063
1.590167215
1.568845763
1.548600348
1.550717478
1.572163079
1.567962843
1.573266903
1.559334627
1.571616864
1.560079500
1.576568413
1.576076552
1.583863331
1.560769860
1.571733231
1.560869822
1.653165737
1.557855480
1.564920057
1.555311321
1.586839364
1.509272044
1.562488956
1.550062166
1.544803204
1.559256205
1.593077119
1.553405511
1.568839722
1.559607624
1.551265520
1.573699674
1.562706224
1.569002946
1.553403488
1.545463392
1.571306712
1.565063864
1.572736919
1.558888474
1.596102783
1.576303018
1.557097333
1.556038503
1.563334016
1.570135103
1.553725636
1.510988700
1.524176326
1.564288115
1.584387415
1.535467412
1.567302254
1.589926385
1.571827813
1.614353693
1.560602545
1.524526515
1.555812803
1.552804248
1.558516324
1.561521529
1.541463876
1.571330065
1.556119451
1.526936200
1.551596420
1.548279261
1.566362604
1.551220280
1.556200319
1.543609476
1.575863458
1.560636109
1.526124431
1.566568444
1.577020587
1.552421041
1.543689559
1.583383874
1.574308302
1.531594150
1.571668577
1.599708461
1.553687839
1.559426357
1.570285611
1.527188839
1.528347311
1.526895344
1.575023016
1.550865015
1.571623416
1.589642625
1.642565974
1.561232033
1.569067176
1.540269060
1.557988057
1.567082634
1.575466544
1.566267782
1.553347411
1.556258031
1.588899999
1.582983650
1.575492596
1.571707304
1.556010625
1.554896505
1.572357298
1.568495058
1.608419093
1.548968579
1.543559298
1.558488707
1.561158481
1.568617285
1.582527247
1.597615676
1.537964719
1.556162803
1.559989844
1.546048571
1.566147275
1.590919607
1.547117897
1.578209910
1.562284203
1.553961717
1.550605092
1.559438923
1.575988486
1.630182854
1.608930066
1.517674250
1.580351052
1.549138827
1.566905354
1.581612594
1.573694772
1.573004459
1.585037917
1.575191310
1.565156453
1.520750899
1.572377995
1.557434690
1.560209689
1.555911371
1.527966420
1.563035306
1.567145328
1.533949398
1.518285726
1.563785775
1.578366520
1.565338422
1.516662062
1.561255921
1.573968457
1.564038502
1.561398631
1.525244413
1.569129446
1.575056301
1.537966340
1.557806617
1.531406260
1.574941984
1.535766568
1.559501888
1.664461739
1.570998934
1.571164046
1.587320599
1.577955002
1.567399451
1.561904846
1.546747322
1.548263412
1.535612617
1.569152490
1.552193122
1.574328788
1.561478440
1.586495468
1.562027012
1.603361997
1.524257915
1.554397929
1.542659143
1.560776874
1.560161131
1.513473418
1.551913690
1.519618817
1.557692420
1.576958525
1.557145447
1.570713405
1.534611038
1.597050902
1.571278343
1.570162825
1.558421669
1.569403181
1.554652770
1.576410261
1.543797719
1.569543162
1.634585452
1.551338945
1.523875178
1.505838574
1.559267938
1.575661858
1.552973959
1.584262128
1.576826084
1.599210384
1.582159222
1.549829508
1.573189378
1.570501500
1.531030869
1.547745171
1.586434250
1.549272784
1.584158617
1.569087624
1.562321577
1.573444144
1.556886463
1.564124787
1.571933130
1.550681122
1.545740746
1.571020506
1.544293100
1.543373326
1.510524105
1.570913652
1.563437864
1.585619975
1.550233294
1.557540028
1.580462597
1.577609258
1.544599802
1.645814866
1.543059322
1.573146113
6.752594528
6.617165880
6.672573619
10.710863318
6.683400656
6.552873244
6.732940602
6.670519217
6.850928295
6.665153726
6.618680676
6.617282808
6.668878346
6.728788039
6.657754272
6.722386629
6.646422822
6.643236133
6.563324128
6.630494001
6.806795535
6.788833093
6.605475562
6.632989751
6.676752904
6.694605032
6.786080827
6.661261198
6.652814828
6.817874390
6.644886111
6.805470027
6.762329646
6.570749390
6.733277402
6.784203932
10.840063964
6.670519249
6.795028400
6.707998112
6.696220931
6.606116253
6.661692331
6.707427330
6.765677072
6.709363225
6.837457326
6.727432115
6.709685606
6.704136656
6.847958551
6.746330278
6.583688287
6.752847192
6.686033993
10.721139422
6.647086675
6.837467104
6.705802804
6.599993392
6.805595434
6.594291620
6.720855953
6.711419049
6.699259798
6.678544609
6.659468578
6.695989662
6.747427422
6.635388132
6.591039593
6.784516244
6.588124695
6.668554530
6.575453873
6.793970091
6.767219001
6.703360996
6.630165921
6.713062418
6.738403372
6.596911784
6.659512479
6.696900110
6.683047428
6.710168104
6.827719459
6.741503561
6.644885783
6.698703478
6.637131815
6.775487559
6.692736786
6.648107398
6.545027843
6.631920820
6.648278277
6.743888809
6.738682611
6.656562347
6.684470620
6.688246177
6.701011488
6.819734664
6.738677352
6.704282664
10.833594371
6.686818214
6.674572466
6.653496046
6.730845998
6.825063005
6.667126713
6.694993363
6.641719093
6.626833944
6.766083182
6.694867891
6.705124160
6.666599537
6.702320753
6.779348289
6.574584379
6.659265717
6.669919083
6.772808004
6.680214029
6.679453992
6.772656392
6.695195471
6.665794927
6.720827231
6.595192675
6.654094973
6.801862940
6.703690228
6.645614045
6.632108291
6.511075073
6.646641983
6.638012150
6.879103863
6.616245563
6.760128334
6.667885309
6.651689740
6.622311325
10.719043154
6.811800011
6.724171792
6.605251134
6.729690528
6.726687479
6.722662245
6.667192472
6.702250592
6.625152404
6.725687955
6.696175935
6.800567825
6.707614946
6.803974476
6.664345358
6.666609162
6.640371875
6.831257443
6.661778519
6.750678779
6.666938283
6.584154277
6.736302926
6.709037801
6.688683022
6.720057399
6.692568040
6.614613552
6.706153147
6.665606137
6.587284430
6.722763955
6.733360118
6.688059441
6.685889186
6.925080893
6.641137874
6.674989264
6.651327766
6.728028828
6.744777910
6.642022188
6.675354662
6.674253379
6.673367358
6.814545538
6.634310310
6.669629839
6.677109492
6.801852050
6.626063772
6.719595307
6.750006699
6.640090347
6.664904439
6.742455099
6.655509906
6.660174830
6.986021247
6.631767611
6.704430699
6.578847007
6.555223277
10.710504983
6.657956606
6.731264827
6.586917969
6.796912755
6.709616721
6.640711912
6.638889499
6.775100451
6.707158405
6.651846001
6.710706081
6.746712534
6.778398381
6.752066857
6.675975015
6.542459408
6.694910303
6.744047089
6.646675927
6.571672962
6.757711874
6.681338643
6.638289391
6.692151841
6.609979930
6.673029858
6.698796042
6.654237119
6.697887407
6.646467265
6.675561432
6.706848202
6.729837282
6.723583806
6.777912622
10.788630586
6.710069657
6.742275711
6.776489339
6.742556993
6.734280953
6.693386872
6.601217366
6.656768250
6.629540486
6.614682385
6.652892697
6.549357177
6.890014257
6.706155799
6.668825524
6.673703568
6.687042314
6.746409817
6.732009809
6.699090542
6.763605755
6.779590336
6.709325285
6.703603828
6.688227284
6.600726690
6.658349879
6.699662897
6.684804609
6.682613466
6.787543904
6.644287371
6.599001885
6.697333671
6.617888282
6.726557083
6.732964316
6.702891513
6.772612755
6.793746530
6.740418114
6.630982028
6.714185145
6.642978144
6.575863448
6.706645350
6.730255453
10.668477509
6.795414186
6.840578599
6.565453746
6.632992457
6.604096263
6.566112898
6.715180745
6.703625909
10.929389766
6.702704210
6.687034050
6.743873907
6.816051663
6.634003925
6.684178844
6.738315775
6.743368758
6.586379420
6.791730109
6.791749127
6.722019749
6.681169245
6.641885568
6.702924898
6.656244928
6.660181622
6.689675443
6.661308411
6.667825170
6.655629604
6.708491302
6.671965871
6.524149949
6.690187111
6.701280338
6.791831862
6.760261250
6.772632611
6.627010012
6.740762285
6.612728379
6.591382863
6.686100381
6.703639009
6.695495698
6.717575262
6.711282239
6.657141604
6.631980057
6.595840861
6.655255153
6.619864760
6.720745106
6.663615111
6.752138393
6.656014655
6.615577770
6.797803054
6.643347795
6.673245146
6.718424625
6.639672506
6.739084393
6.746918791
6.742956039
6.651253189
6.662635412
6.728927951
6.694645392
6.834216963
6.591807589
6.584091177
6.637093125
6.763015582
6.668096574
6.660767449
6.823322103
6.548854625
6.689142605
6.655158988
6.630842812
6.678774452
6.685718916
6.685853514
6.696688141
6.686614612
6.662578414
6.746504733
6.675214210
6.674445728
6.768073920
6.666739727
6.591828372
6.583023443
6.669450283
6.684441047
6.670354080
6.684954454
6.749963000
6.758035059
6.740479502
6.609859809
6.608680941
6.705405466
6.817637896
6.672976781
6.685394745
6.568229737
6.761160790
6.734968230
6.631620404
6.675343534
6.633833721
6.674300670
6.686761065
6.680835862
6.769919807
6.739222652
6.673125168
6.739849707
6.692359480
6.693319473
6.571087415
6.665904359
6.618274245
6.552326141
6.740942158
6.543318134
6.690615537
6.700079551
6.685249299
6.669604793
6.715568090
6.671411550
6.637311953
6.716333409
6.637466450
6.667155429
6.741885019
6.652590879
6.744456694
10.782883731
6.742834725
6.751189872
6.693508058
6.886572270
6.662757476
6.649668460
6.708819217
6.668414299
6.676099615
6.697413932
6.713950357
6.749971619
6.784632141
6.859472934
6.482878579
6.725098917
6.687358472
6.748464112
6.741779327
6.730354630
6.693714464
6.729917355
6.636761669
6.628431681
6.789958415
6.589049029
6.699710399
6.655115945
6.704004722
6.727630422
6.699104341
6.639992276
6.663055182
6.686279192
6.657368460
6.646465165
6.721202109
6.653587953
6.730143812
6.683709603
6.617619239
6.613870000
6.636022016
6.717056781
6.716063519
6.751754316
6.816488005
6.712889837
6.673303033
6.638097801
6.613087117
6.577339667
6.606279768
6.634739194
6.677801893
6.608053893
6.636462449
6.759654295
6.700567414
6.604297496
6.557526086
6.655248075
6.576238900
6.718357692
6.704167370
6.706025981
6.679970429
6.603492233
6.773103919
6.600588307
6.643106635
6.599248876
6.767897166
6.670264130
6.685007139
6.883559653
6.677625238
6.666007866
6.741122463
6.653356297
6.742107915
6.687274649
6.696984657
6.663190607
6.807137549
6.700046134
6.720140545
6.674970042
6.653564485
6.670235962
6.724007144
6.712786383
6.675644274
6.668443185
6.656632433
6.635967594
10.812442115
6.678044510
6.597903314
6.586610869
6.743430135
6.739455052
6.742398533
6.691511594
6.671925527
6.483679660
6.608722298
6.628060673
6.603211260
6.670160732
6.627723804
6.678298673
6.638594603
6.648407872
6.622689446
6.632294327
6.610888193
6.744509149
6.715427675
6.671764411
6.778979709
6.745175783
6.708502874
6.668675738
6.718688625
6.691680866
6.635649445
10.688201819
6.650316835
6.436133943
6.716503607
6.614423281
6.632078575
6.680373439
6.637362142
6.629178446
6.724421305
6.741199859
6.691578712
6.793001258
10.708865405
6.584402524
6.590389883
6.609794924
6.701862979
6.604788260
6.650820386
6.672705672
6.906735111
6.778790586
6.724709053
6.658119886
6.658192010
6.710778084
6.650514747
6.717719754
6.648365835
6.794853955
6.648460466
6.666565840
6.842852130
6.797941456
6.619938069
6.556304707
6.700855058
6.667603632
6.747743535
6.599454230
6.638933948
6.730131178
6.787837272
6.712213450
6.700685020
6.698887055
6.697507853
6.748817272
6.646434650
6.642745904
6.644470783
6.673456189
6.897427653
6.760230929
6.648213964
6.670469944
6.772657020
6.609318189
6.706801243
6.600590536
6.741296223
6.673772766
6.661714890
6.764752261
6.624174009
6.809135390
6.704254074
6.577407597
6.675049643
6.665841374
6.709091283
6.661715225
6.706191678
6.613610879
6.733077570
6.575333857
6.726224081
6.719553130
6.643209583
6.590073744
6.651195956
6.847529019
6.643049375
6.801828165
6.712751187
6.782061895
6.597475974
6.596551245
6.661415606
6.683840006
6.703274865
6.671100931
6.816882936
6.642137834
6.615954224
6.683851325
6.702045786
6.658752152
6.780473144
6.700193056
6.723336918
6.763543717
6.668112612
6.739806946
6.627643045
6.692591556
6.690047049
6.647182071
6.693628229
6.632017645
6.757957761
6.654245045
6.751068185
6.670762098
6.690676485
6.508592257
6.824079463
6.703773753
6.749085781
6.686293191
6.671043958
6.667254034
6.697817835
6.679404639
6.677108786
6.669988978
6.537558463
6.712475020
6.680083669
6.698534463
6.689204277
6.716862021
6.630428491
6.613777672
6.596161399
6.679569934
6.774528461
6.834720580
6.686695858
6.650068980
6.767607023
6.522376739
6.664491377
6.693612850
6.743869109
6.635257635
6.755763508
6.674130782
6.676680804
6.667796405
6.665148198
6.677611113
6.699997036
6.682064135
6.620441826
6.672294176
6.644376060
6.672576316
6.702175932
6.729793784
6.637323427
6.839576210
6.754401755
6.676568332
6.735356400
6.718827431
6.536124849
6.585598414
6.623769067
6.713130133
6.831320233
6.741283034
6.731282979
6.764516523
6.726061226
6.614600407
6.566215642
6.761012343
6.770080987
6.578750551
6.668724278
6.682097829
6.824345547
6.602422482
6.597369200
6.680367809
6.707578884
6.722781050
6.729061432
6.649281769
6.643905311
6.678574801
6.620234763
6.566228295
6.644122471
6.678988752
6.684704949
6.634045733
6.734622285
6.730143370
6.723105193
6.609356136
6.625279756
6.654576731
6.849105210
6.628928665
6.693092201
6.716666479
6.784837086
6.773511371
6.793783768
6.716199762
6.720471507
6.660595357
6.674939291
6.739275458
6.537593359
6.734433677
6.701564941
6.648574350
10.804978456
6.678484052
6.610267809
6.672551373
6.798866566
6.663357961
6.701256420
6.749905505
6.742536878
6.688507530
6.698242992
6.687548695
6.669678625
6.702398009
6.744487656
6.706154743
6.695580782
6.612273807
6.663227607
6.675312378
6.659931930
6.755666803
6.634409451
6.666324553
6.695699310
6.764183563
6.721709171
6.604073021
6.687039995
6.743122999
6.660241372
6.712903003
6.702583372
6.686827004
6.674553261
6.715569412
6.805248362
6.602699573
6.690073461
6.615730702
6.779399576
6.569549555
6.672091681
6.736082332
6.493769364
6.564250227
6.698183634
6.739240468
6.714919147
6.657423716
6.647828478
6.600954273
6.660270110
10.702274877
6.745647758
6.601882423
6.662476903
6.637674484
6.922787746
6.713771441
6.602594964
6.779080761
6.694908028
6.706548921
6.894424560
6.736018992
6.595249818
6.693655173
10.870011887
6.854884975
6.798694924
6.720505050
6.661389882
6.594006525
6.712998084
6.708481936
6.685951280
6.760370609
6.728826223
6.651069040
6.689760841
6.647919190
6.655773587
6.645086575
6.709786030
6.524776864
6.656277375
6.611080346
10.858200474
6.815658385
6.733711107
6.719733821
6.580373686
6.695266788
6.562337907
6.637609827
6.878339637
6.669101592
6.753133523
6.691559405
6.817300425
6.785349135
6.616707517
6.646305035
6.665320996
6.720951420
6.574789226
6.754447165
6.676292735
6.743748520
6.673822809
6.639056075
6.713792307
6.626638887
6.642184597
6.749509920
6.802705231
6.649984906
6.711563570
6.524619388
6.676768698
6.747058135
6.602618151
6.660923585
6.695739156
6.686852043
6.751706045
6.643767074
6.771647641
6.653190340
6.670787637
6.611416737
6.620322781
6.564394901
6.732129238
6.778645526
6.638422742
6.574405595
6.774315413
6.709990251
6.726465026
6.698788681
6.712255954
6.825598787
6.633065256
6.593504713
6.575455290
6.677292400
10.800024143
6.892746119
6.647150309
6.653023805
6.770530695
6.636676140
6.687913646
6.597444702
6.575841105
6.648387356
6.606639182
6.712045336
6.607651310
10.792710763
6.776954387
6.744882638
6.861479657
6.532324785
6.682728261
6.715810692
6.753170306
6.980743365
6.608681920
6.745193272
6.744855296
6.696216233
6.676892849
6.626591939
6.656554357
6.679268958
6.650382308
6.748344031
6.631447375
6.748649098
6.662609212
6.631245823
6.721011995
6.606061829
6.706046523
6.666552799
6.685111194
6.780297281
6.661648909
10.828204613
6.636522775
6.742693013
6.740372462
6.699138555
6.681354497
6.617195304
6.743764954
6.799906827
6.698682792
6.611922394
6.764184720
6.661963907
6.667546481
6.779291655
6.669679456
6.714695544
6.595944966
6.706912309
6.640795122
6.663294585
6.777856047
6.543349789
