7.882541604
9.141420547
7.629269304
8.221336728
8.159341410
7.892176222
8.750262477
8.309875686
8.407757768
8.420805217
8.436580729
8.979250676
8.120087954
8.347256374
8.567169649
8.753304121
8.549284331
8.931242923
8.686924397
8.808758752
8.077874792
8.956457491
8.932314728
8.492807189
8.821986637
7.975199277
8.338372584
8.453598229
8.395807895
9.038995686
8.312710556
8.457926066
8.509007979
8.248550212
8.199812810
8.300303458
8.426553465
8.642971299
8.650511089
8.929974321
8.548468919
8.183381616
8.763156685
8.535947017
8.226938476
8.634579935
8.460409767
8.240073389
8.735833644
8.348569455
8.784524567
8.916082029
8.375387538
8.455608910
8.764997519
8.748002473
8.211205224
8.531035945
8.727789600
8.634702906
8.950247609
8.322980145
8.953696627
8.563678143
8.460545837
8.945548935
8.409223795
8.396896292
8.651571105
8.801854475
8.793390463
8.771252384
8.454523002
8.769281081
8.372728571
8.760252960
8.629229229
8.845780474
8.481536548
8.841167176
8.877958318
8.549717397
8.506291836
8.722570665
8.698018150
8.911033410
8.533009665
8.391942677
8.378376151
9.143620092
8.721709130
8.754056031
8.991904768
8.381524260
9.219843200
8.488418380
8.702627867
9.149944203
8.362931661
8.446252902
8.724523881
8.647695134
8.420820515
8.520704869
9.289229364
8.777486563
8.756623882
8.921904001
9.109776528
8.664379370
8.606441322
8.454790968
8.617786499
8.367178206
8.355230484
8.739768947
8.371656515
8.539727617
8.549349523
9.007857465
8.646314639
8.633418953
8.592909297
8.180251513
8.453686449
8.422524220
8.886489883
8.527650597
8.658257149
8.408828289
8.556348057
8.523825227
8.324534771
8.765474612
8.460593034
8.116150204
8.972201067
8.649091485
8.470542116
8.396334942
8.639798370
8.727184419
8.406209231
8.409939705
8.702101656
8.969037791
8.126132657
8.251394651
8.845738776
8.696107387
8.669044960
8.607945049
8.376469089
8.361578282
8.967816176
8.823743726
8.598764885
8.339637534
9.278918589
8.487326485
8.312555301
8.912762120
8.621142109
9.139891230
8.491152645
8.661587623
8.698332071
8.669658011
8.800212041
8.144200995
8.564493460
8.675841286
7.773112743
8.052457820
8.287784802
8.838177449
8.494440924
8.574570652
8.813637759
8.370840090
8.300732625
8.361241210
8.435199652
8.736708577
8.265474996
8.565825165
8.632901419
8.446863338
8.537325157
8.413992180
8.379840843
8.344520370
8.408868370
8.274953952
8.300326242
7.822710799
9.026152973
8.753307905
8.766026867
8.529915935
8.229543019
8.395008771
8.579203916
8.557758799
8.454340202
8.139816655
9.157445413
8.545594303
8.227132648
8.258842497
8.543799244
8.668230279
8.421299184
8.469458337
8.050742244
8.255097844
8.387388332
9.042979523
8.963297752
8.536011668
7.957324673
8.337814524
8.294047645
8.642511588
8.320340656
8.880274835
8.562358981
8.431301847
8.959777919
8.683192482
8.254430424
8.458615896
8.480904916
8.543158288
8.491365342
8.177624966
8.065184201
9.070235392
8.934307296
8.636559239
8.539753195
8.199525933
8.228127741
9.237667147
8.245165761
8.168518615
8.681511063
8.609387828
8.809634318
8.495799612
8.052718429
8.242772886
8.510682959
8.560485442
8.428081974
7.872103880
8.530703788
8.444098681
8.553226159
8.585966599
8.155444327
8.357622756
8.700144251
8.772290500
8.366878187
8.347584724
8.387622649
8.721698550
8.658483690
8.639021840
8.435419821
7.937107417
8.767954544
8.635399790
8.500352653
8.436017812
8.528549546
8.877629758
8.593628258
8.275026187
8.252593141
9.060316728
9.042091610
8.800392439
8.554724365
7.995248931
8.685834835
8.424460113
8.681682692
8.193869754
8.175532017
8.536991847
8.925469539
8.626128222
8.697892849
8.626124778
8.550370633
8.902362334
8.412962494
9.291938103
8.136958937
8.618952564
8.892782088
8.716257476
8.873843429
8.736269469
8.530257847
9.064008102
9.068653554
8.538574863
8.570253174
8.398779303
8.468239059
8.748442182
8.553685754
8.505413833
8.678431947
8.802598809
8.392336398
8.646764337
8.518860415
8.313860087
8.602739452
8.985023276
8.917425839
8.411790762
8.394159121
7.909378152
8.722282986
8.858327496
8.858302027
8.384108636
8.564830175
8.766025616
8.519452327
8.595457526
8.409313739
8.319678581
8.607718669
8.515486590
8.762306849
8.335522145
8.533235099
8.517324366
9.309614368
8.711188439
8.431165011
8.734427775
8.394797464
8.758641809
8.576076262
8.677580595
8.131242680
8.263253249
8.799340592
8.460823228
8.710918523
8.309213509
8.505386758
9.037870510
8.327582993
9.009107017
8.064388327
8.585964540
9.017304600
9.091255427
9.025831399
8.020787289
8.560862456
9.432251423
8.903950597
8.970199908
8.440344093
8.957624760
8.688642030
8.412466616
8.552706604
8.908936748
8.328510227
8.842541252
8.791000159
9.207021709
8.453490335
8.317443469
8.436507413
8.751240101
8.531189874
8.605816096
8.167692625
8.469403751
8.854570014
8.880033538
8.549345858
8.346225996
8.633103239
8.899625031
8.387109439
8.730742926
8.115850531
8.575766764
8.746898021
8.792344296
8.441955760
8.239529573
8.570465713
8.697024415
8.785483485
8.432983171
8.648848713
8.495981423
8.698326681
8.551996252
8.342613163
8.935163842
8.367816592
8.884830546
8.666470022
8.632319276
8.621333477
8.301491633
8.577831687
8.880362543
8.971083631
8.365450890
7.926907838
8.286010041
8.560743922
9.124775899
8.538583059
8.559295764
8.674558426
8.531762445
8.583053947
8.782713367
9.022146260
8.138307119
8.799738002
8.646164958
9.256048773
8.307666251
8.781217604
8.706173990
8.288511841
9.250817501
8.642663739
8.310137176
8.441246216
8.779643705
8.806551212
8.720063610
8.780527804
8.773789583
8.140140085
8.543817847
8.582650789
8.488562130
8.282868475
8.804571589
9.055853409
8.281144764
8.545331959
8.732612970
8.942649807
8.304187217
8.386348653
8.797309902
8.311317249
8.711790915
8.764123598
8.449645209
8.341769611
8.550189836
8.760851851
8.528851965
8.385610132
8.191893838
8.226585757
8.684730964
8.605650805
8.961416230
8.131763721
8.375302392
8.814148864
8.712146057
8.293858738
8.721900215
8.289669644
8.358073701
8.888805227
8.582173876
8.405444054
7.776488674
8.770199187
8.541480475
8.365344420
8.455496194
8.563320962
8.533385372
8.616294131
8.490949169
8.504777013
8.217433074
8.818232400
8.804182511
8.756567461
8.605995176
8.621699117
8.275281657
9.070920184
8.662712265
8.354605724
8.682166624
8.801472665
9.177005600
8.498916234
8.406878880
8.562389084
8.399267046
8.734674500
8.892935570
8.168678988
8.537661320
8.533493525
8.610504118
8.403092004
8.819120284
8.579833425
7.975246824
8.569614869
8.802328559
8.257903686
8.418867042
8.338225994
8.606177284
8.455896683
8.673126566
8.360496400
8.505885683
8.575123038
8.633710210
8.433843457
8.333627145
8.294015533
8.486900512
8.251418420
8.163544382
8.554730276
8.154711040
8.773710303
8.828942781
8.411208503
8.989167306
8.436111704
8.455314347
9.049045114
8.743120758
8.614139700
8.219524039
8.183187964
8.591936415
8.839588594
8.193988205
8.508205680
8.723711284
8.615131968
9.006010111
8.364456475
8.725918330
8.184562490
8.444524885
8.833816763
8.268416932
8.605914450
8.420295186
8.929125770
8.853736112
8.467417532
8.642374718
8.920793599
8.605389686
8.524874384
9.006848009
8.435817826
8.997311276
8.732076770
8.480091535
8.664830401
8.518247079
8.640283340
8.084298227
8.833706737
8.823644875
8.274020631
8.550857703
8.557111203
8.636348499
8.670263797
8.495230486
8.724765622
8.499417293
8.551611750
8.692525757
8.727905753
8.607700313
8.954938581
9.042525599
8.655382430
8.588021535
8.494875718
8.964790770
8.645438632
8.857285983
8.862293219
8.236376640
8.632051215
8.433639230
8.601994134
8.709736780
8.650719560
8.703195406
8.540336362
8.714352642
8.980437948
8.900944572
8.523582649
8.092820872
8.701361708
8.778314317
8.806064754
8.709818064
8.621360638
8.508398682
8.555980045
9.163510145
8.641695176
8.370420296
8.565620627
8.760344129
8.655456764
8.530462735
8.633451460
8.164574793
8.635541575
8.874068877
8.681975208
8.502070589
8.217710103
9.005212793
8.742235274
8.499702731
9.067615050
8.755686906
8.674370702
8.943021885
8.575554149
8.821313390
8.506945564
8.991674960
8.718489397
8.728228626
8.808061688
9.104111540
9.230472854
8.779737486
8.668417049
8.355327564
8.946655630
8.392631695
8.738927377
8.932470134
8.348578423
8.673912788
8.776088908
8.703553350
8.576753661
8.633635938
8.705878481
8.093836972
8.514849971
8.594941609
8.791317906
8.764850711
8.707526737
8.753135794
8.482149396
8.830718707
8.416146808
8.520832959
8.260923879
8.678732073
8.984691686
8.519561878
8.759986808
8.476402099
8.512583667
8.761310101
8.574119591
8.437082271
8.503847874
8.405174664
8.656184075
8.505894381
8.929875100
8.593910148
8.787889332
8.544244052
8.645853347
8.955599625
8.258788458
8.187921489
8.636785689
8.769491737
8.529147300
9.248870332
8.550293455
9.082649113
9.217877073
8.947033976
8.355452229
8.333324797
8.671241758
9.074219485
8.364773903
8.671414053
8.688224336
9.505348990
8.886380039
8.191585945
8.617684212
8.745145644
8.723864409
8.659502329
8.605209462
8.752499157
8.352321697
8.837792411
8.907698293
8.606199947
8.686020153
8.590221076
8.804245531
8.452233705
8.177768410
8.820321162
8.530558697
8.728489154
8.649364741
8.890628888
8.426764464
8.469229998
8.863956804
8.381327046
8.526539216
8.720824284
8.751729717
8.533728772
8.786271643
8.680388622
8.395390455
8.676097624
8.465491728
8.664973696
9.007967531
8.388355878
8.815710872
8.518874782
8.784737324
8.862916708
8.662928844
8.689615940
8.550983979
8.220461810
8.771816242
8.583408753
8.453945129
8.461042507
8.752225613
8.885587947
8.651032062
8.547883233
8.785247176
8.446373889
9.323265951
8.497496092
8.560218033
8.815774199
8.665193167
8.970848968
9.019163381
8.383857062
8.888459284
8.106380729
8.746982899
8.725761934
9.005321941
8.710576207
8.413992488
8.752000329
8.688261889
8.604749318
8.312079395
9.029977616
8.997670674
8.524740880
8.346035528
8.703695909
8.386789360
8.325562125
8.900457733
8.670685896
8.733892228
8.522808702
8.646139224
8.786795201
8.539099443
8.399846107
8.582627450
8.253091646
8.857002803
8.592998427
8.547479766
8.708105146
8.724030954
8.931075816
8.745030897
8.646477657
8.334972942
8.569892614
8.464118223
8.497347664
8.811406891
8.781058297
8.714875940
8.218357985
8.700695021
8.609008154
8.363208632
9.106014236
8.183247328
8.672493156
8.302139631
8.499135664
8.409292135
8.345324859
8.864039640
8.274786413
8.452575190
8.724580261
8.524398906
8.884675899
8.436824712
8.968019441
8.546287305
8.708887434
8.852993370
8.911666028
8.264457605
8.847297736
8.935170602
8.765612215
8.939025415
8.588799101
8.252953154
8.795921425
8.748963370
9.048308112
8.515847924
8.674300786
8.583230129
8.453216231
8.670879351
8.582320188
8.679314854
8.331412760
8.528537160
9.015834095
8.239067253
8.570523513
8.685944376
8.807216194
8.605354723
8.972395079
8.532684075
8.500564274
8.742782731
8.492000988
8.841298816
9.055479064
8.309065828
8.548492494
8.674291047
8.147861191
8.337588433
8.696459371
8.658958816
8.759748932
8.819540243
8.730541403
8.491078190
8.193991813
8.591849225
8.509977384
8.520526384
8.105639374
8.737205155
8.703732117
8.539541314
9.250440776
8.630715368
8.252886479
8.367247480
8.348781852
8.330752881
8.202333533
8.487698135
8.633506272
8.760771438
9.108376617
8.407572777
8.351756273
8.295775036
8.790672625
8.548210390
8.200565689
9.213725864
8.797346232
8.332255790
8.933691814
8.892862349
8.543503639
8.514584155
8.508445855
8.450479309
8.540153802
8.318834861
8.660805523
8.382442570
8.689020936
8.915289115
8.518361845
8.277359249
8.492802284
8.442657528
8.271757863
8.396081654
8.375875339
8.708788616
8.260751273
9.076514030
8.858801420
8.228688798
8.257414611
8.480480497
8.314097495
8.496233633
7.997504127
8.449287151
8.845893885
8.630238462
8.583067619
8.312721663
8.085534675
8.799185313
8.945858477
8.629452274
8.383202087
9.629281556
8.290669734
8.928051141
8.678030783
8.551253561
8.524910484
8.362786052
8.605245358
8.442286708
8.369193128
8.301974103
8.507349832
8.755130082
8.877165005
8.360226870
8.334203101
8.544021975
8.389068323
8.872779709
8.213037807
8.295603712
8.433107373
8.597796751
8.806059844
8.400756739
9.024653888
8.237367830
8.249283651
8.811152125
8.592783942
8.116128712
8.244641534
9.016734222
8.940014162
13.399693419
13.200148075
12.548055179
12.945920075
12.670969394
12.845529290
12.587282903
12.458167108
13.194347210
12.538778805
12.516014782
12.449585104
12.822717055
13.131007950
12.525641746
13.081093437
12.642471850
12.902388084
12.104966908
13.237003034
12.774106425
12.219109280
13.072251737
12.292530199
12.759273988
12.258129912
12.776365403
12.897400810
12.533254127
13.197303506
12.332927901
12.777860974
11.931560748
12.767774755
13.158558384
12.740267067
12.850728160
12.566253263
12.859385433
11.986295941
12.992050077
12.926959851
12.957968140
13.579871229
12.358572716
13.192442905
12.998504760
13.264856252
12.560050424
13.511322354
13.159625263
12.634108480
13.522144712
12.602801892
13.037054267
13.164175817
12.286343702
13.004569933
12.753191290
12.012825745
13.131616800
12.684479312
12.680248005
12.271233129
13.101637402
12.583182359
12.534718497
12.777666884
12.700869997
13.012514287
12.347950259
12.975594290
12.590635398
13.041279090
13.071208678
12.360669599
12.904940107
12.097220387
12.221770020
12.559653833
13.138270907
12.805998055
12.536378272
12.947190575
12.296235657
12.765612776
12.363677021
12.924479625
12.834092074
12.862212725
13.455660293
12.095780064
12.536132592
12.685179119
13.430483284
12.352801792
13.502256322
12.523477681
12.407982979
12.595078265
12.406752237
13.353080924
12.535233772
12.672534186
12.808633828
12.540211612
12.420740995
12.858720714
12.883633594
12.659947404
12.476756969
12.493097401
12.478235014
12.576920991
12.587980065
12.908135504
12.538004036
12.718451704
12.504102955
12.653573119
12.204833425
12.799517249
12.788921575
12.484560141
12.814000713
12.544991391
12.750448973
12.619504166
12.886515941
12.860383580
12.360411714
13.109783441
12.061967638
12.681902398
12.229751897
13.651360875
12.591233635
13.148568845
12.457373450
12.625108105
12.764172697
12.729419762
13.017824166
13.484309456
12.400773046
12.730744534
12.432767135
12.415668365
12.226541096
13.342932973
12.938857967
12.482639317
12.681331664
12.304939758
13.091297188
12.704632359
12.936948771
12.803923032
12.424541486
13.356707532
12.202285945
12.557696882
12.627991895
13.206859189
12.344699771
12.606408638
12.901362587
12.067530416
12.402208880
12.714206811
13.156410187
12.451464860
12.670028995
12.671026592
12.158873270
12.934583538
12.869241648
12.550235081
13.029877472
12.693436954
12.803336456
12.187438542
13.334689805
12.795841707
12.249765396
13.197300690
12.682368800
12.859799503
12.494426515
13.285071140
12.881505116
12.814136654
12.586483000
12.987646433
12.490261112
12.084043258
13.288132544
12.942524164
12.279292161
12.869818520
13.095381694
12.350140686
12.663131878
13.212407730
12.681952802
12.546378466
12.580224388
12.534925444
12.780755029
12.582982610
12.766386896
12.626792136
12.663570699
13.268390066
12.666998772
12.843342725
12.850400027
13.429231745
11.981443439
13.080937798
13.278899634
13.018991052
12.451672580
13.280984534
13.146527415
12.831627599
13.146798518
13.229722077
12.639493560
13.001553015
13.135594254
13.728766302
12.497315825
13.064480564
13.188026744
13.233140604
12.698736074
13.651260655
13.058718434
12.414482531
12.985939366
12.809658536
12.457347616
13.025233945
13.148347674
13.324704999
12.611584827
13.197229680
12.988979713
12.908658000
12.766612528
13.394124166
12.767713786
12.674183723
13.453850677
13.046421996
12.359909319
13.208547590
13.563411806
13.009160821
12.439733019
12.744163538
12.755150157
12.945366090
12.735973139
13.095163116
12.881360059
13.006745140
13.181618601
12.598670950
12.618582901
12.894312736
12.618741343
12.858496033
12.847963802
12.946107008
13.062594834
12.941689789
12.789566590
12.798744616
13.175980583
13.120538105
12.750099098
12.833388032
13.439349340
12.945040370
13.286288741
12.834303528
12.695131392
13.162107369
13.450311498
12.416573618
12.502333182
12.933536347
12.551141283
12.631853641
13.071087715
12.746242316
12.178058499
13.635110586
13.038678103
12.727608557
12.987209798
12.767950297
12.538756815
12.522096609
13.090013818
13.324947833
12.709845407
12.796616910
12.942775501
12.799691562
12.344941017
13.499616483
12.896521766
12.912504113
13.068888201
12.872345951
12.556691926
12.960401054
12.769349670
12.803227467
13.165292285
12.673270273
13.224067322
12.804145245
12.228478565
13.490413345
13.093461585
12.371778979
13.306057232
13.168432999
12.945148131
12.398014710
12.989204721
13.080225858
12.429761342
13.408476300
12.352220322
13.389740083
12.033399634
13.062334894
13.154790069
12.352035842
12.866440591
12.750964765
12.653759534
12.240044651
13.206436444
12.821670378
12.555515008
12.952881900
12.664102032
12.852724901
12.333365569
12.901404938
12.412911543
13.175435893
12.453263125
12.593606693
12.935044876
12.311030940
12.408589953
12.538011630
13.168570637
12.628043194
12.871389160
12.621210642
14.002156311
13.077598105
12.852632971
16.623323577
12.562016357
12.727661968
13.302609082
12.475011720
12.872490311
12.506699751
13.203583613
12.395640464
12.866269677
12.652853897
12.417255167
12.852710964
12.616448488
13.123940061
12.463711931
12.727427153
12.627656594
12.099970064
12.900185747
12.350064094
13.137665619
12.115563762
12.829193464
12.040202994
12.671708869
12.946235413
12.664782239
13.536375168
12.204712496
12.478370100
12.818748851
12.507643157
12.784867003
13.195685568
12.623800377
12.309600133
12.969176585
12.653659269
13.227101988
12.842460555
12.596867780
13.155158107
12.380571018
13.267992370
12.925793705
12.087438551
13.449278706
13.217358460
12.603813191
12.741630701
12.482150274
13.501820569
12.604038993
13.074748239
12.683183221
12.806790634
12.701933907
12.648024388
13.279209285
12.442887485
12.978706123
12.973329353
13.018223854
12.808025300
12.800509234
12.899387541
12.657637568
13.521913523
12.706682812
12.711160539
12.639985742
12.637179337
12.987575863
12.945349558
12.864431621
12.496571815
13.135806889
12.861086946
13.062632983
12.953690840
12.672555183
13.105906511
13.036920696
12.781481153
12.599618475
12.544730233
13.069746545
12.551222381
13.042226475
12.431366635
13.466424892
12.393422919
13.535834398
12.862686986
12.897979790
13.331706395
13.033948686
12.970346433
13.150774706
12.678270017
13.006053333
12.986829392
12.994518859
12.784814765
12.898434337
12.945280678
12.833288139
12.665272491
13.263941920
12.813527668
12.887151798
13.020866243
12.646902315
12.784462351
13.031061152
13.087828851
12.831404679
13.306436313
12.970000613
12.387255873
12.845624554
12.951887469
13.005865196
12.953830790
13.148544924
13.128379104
12.227506361
12.980308875
12.833191386
12.948437159
12.586585292
12.757063658
13.110344334
12.864305289
13.086974732
12.709032775
13.491797797
12.882980189
12.682003200
13.418351980
13.010313609
13.231866683
13.226653081
13.125025668
13.191403927
12.959008622
12.560904937
13.239888517
12.841277118
12.352196302
12.560040096
13.116581673
12.916248873
13.177620355
12.851740043
13.184227055
12.850901078
12.752480983
12.497444672
13.025647940
13.189271542
12.678389765
13.090137814
12.333936159
12.450818480
12.823839353
12.227601247
13.329511187
12.932767704
12.566878850
12.962061324
12.568663051
13.176117133
12.705394410
12.485697298
12.985665472
12.080713990
13.069733594
12.294755736
12.814735804
12.868140811
12.741169012
12.583256123
12.590769305
13.038034957
13.455321610
12.537849106
13.022227336
13.218184812
12.652233800
12.560875510
13.664930599
12.540256650
12.639082673
12.753358343
12.677352509
12.600984366
12.385916099
12.852476396
12.476167217
12.475447892
12.879888770
13.354783630
12.849051553
12.382463291
12.808209592
12.301780864
12.741304495
12.731689286
12.967713073
12.632126681
12.332950211
13.062936342
12.511087784
12.924873342
12.494192611
12.634791526
12.811933515
12.667227423
12.695860010
12.021643989
12.643457622
12.397735279
12.573369094
12.557130667
12.456383590
12.805271499
12.509658486
13.319299395
12.331072047
13.000652171
12.441107784
12.901427591
13.347145707
12.028827512
13.480767076
13.483145165
12.826765215
13.301318087
12.867229873
13.049073314
12.283439778
13.236476345
13.139962160
12.981176830
13.196262763
12.839618862
12.933833305
12.503697728
13.287699535
13.424587664
12.779295238
12.930634509
12.797082461
13.067347223
12.704128974
13.454217327
13.075520916
12.589922305
12.570696223
13.004741203
12.686240364
12.528077144
13.352050829
13.059248600
12.868150557
12.988123939
13.154210669
12.972591625
12.497403369
13.103681122
13.113539452
13.011630542
13.134286966
12.596288658
12.384434453
13.545564144
13.313009904
13.348083236
13.486487039
13.035414117
12.962774043
12.959656514
13.535055653
13.217730705
13.077532816
12.826903725
12.895631558
13.151232469
12.337817371
12.591469263
13.203228508
13.032630110
12.954899856
12.939118867
12.788647195
12.611717867
12.846459162
12.945437931
12.884563655
12.508827413
12.978243056
13.059124182
12.512750214
12.952228693
13.114450385
13.108851834
12.684553587
12.808991224
12.722318831
12.799390693
12.779246891
12.947265338
12.606108875
12.731370847
12.788516578
12.645407869
12.911660882
12.945796355
13.413483157
12.885529280
12.554397313
13.234216150
13.302465256
12.560253636
13.906097374
12.753589381
13.302518246
12.977251247
12.892949022
12.610807267
13.124464480
12.849820264
13.092789980
12.759149195
12.444639208
13.025966160
13.018323236
13.032121946
12.953950178
13.166809528
12.570225621
12.772029475
13.245345125
13.246294267
12.511341829
13.486844970
13.339471302
12.559458431
12.745064796
12.954409441
13.058418977
12.475496208
13.218476068
13.124000437
12.705895697
13.060956814
13.045646091
13.365178848
12.951128536
12.988427492
13.119483706
12.848508279
12.830280854
12.995950963
13.031247634
12.631319422
13.275702867
13.218289945
13.206811169
12.996749204
13.976795444
13.003163489
12.895478378
12.832254186
13.302821109
13.026866677
13.355339754
12.831275652
13.272409402
12.768324615
13.181796849
13.215970559
12.748899153
13.031694962
13.076369699
12.681264717
12.925829466
13.071891488
12.802005961
12.655523123
12.895703961
12.992228615
13.174969661
12.657358937
13.242800498
12.693008951
13.157432394
13.236842229
13.123966265
12.592934646
12.874971208
13.540055569
12.873445209
12.738290947
12.919614521
13.209045483
12.866143105
12.838910949
13.107879562
13.027383607
13.122136130
13.270567218
12.757050819
12.949348065
12.958869312
13.155598467
13.929715601
12.228624722
13.140963310
13.236919511
13.092075069
12.940653541
13.365256493
12.810700159
12.590141462
12.793104839
13.289432999
12.559804031
12.559190987
13.036845358
12.738967137
12.616032590
12.729646694
13.172987319
12.711432368
12.549919830
13.525303989
12.913962088
12.663064290
12.831069544
13.364758740
12.612755797
12.938286973
13.193192905
12.813270040
12.478285907
13.264740861
13.178820130
13.015815240
12.875170513
13.308395943
12.740096116
13.004566475
12.655274188
13.226638291
12.580991068
13.237976542
13.244835884
12.751774586
12.645806522
13.496858587
13.171967418
12.415422067
13.694400689
12.917655345
12.838051439
13.087214374
12.969440746
13.163726860
12.419156655
12.939032771
13.571075058
12.694496789
12.689344346
13.005078409
13.053347884
12.778524735
13.116329626
13.181440134
12.611386399
12.729666830
13.474903431
12.719812312
12.591229779
12.998067970
13.409958924
13.025591180
12.808207638
13.128590562
13.036413368
12.538731756
13.114167311
13.033083904
12.847449547
13.058635522
12.726520708
13.105067471
12.478160066
13.298201753
12.395217929
13.201271152
12.499916792
13.011807032
12.960128340
12.641001372
12.879412288
12.787174568
13.279142682
12.193848166
13.388860732
12.830707709
12.971967871
13.228083008
12.476768095
12.809037520
12.696420042
13.129061227
12.890201325
13.236039269
12.783757374
13.288327885
13.018268239
12.903738211
12.724780865
13.463745551
12.445169982
12.820038454
12.751715501
12.882123422
11.976628917
12.429998377
13.692975749
12.694400689
12.563770031
13.215958737
12.833699703
12.747767563
12.925617380
13.139446418
12.366187665
12.768449362
13.108466051
12.798961242
12.338426414
12.866418331
13.170764549
12.613655571
12.930287447
13.179961123
12.952935622
12.428839020
12.950339183
13.016318195
12.732209435
12.607400163
12.357660669
13.727798226
12.509983089
13.248200675
12.933330617
12.404366393
13.172990448
12.399453407
12.746772946
12.804536093
12.937992693
12.710707112
12.420292431
12.720731460
12.496300204
12.832496023
12.837504452
13.031577964
12.982682431
12.860807875
12.623424907
12.627585638
12.905712581
12.432909846
12.840666266
12.792375141
13.033453788
12.718226114
13.051758231
12.752895177
12.110703568
12.870375256
12.960974539
12.324772484
12.939027380
12.793820510
12.438776878
12.431373611
12.475565920
12.952000639
12.315686751
12.643339317
13.010020592
12.040466363
12.107534990
13.505928691
12.883581432
12.610846125
13.199971866
12.888175670
12.270632801
12.739240474
12.270272256
12.513855731
12.807533421
12.611296626
12.989608691
12.287051279
12.547940273
12.597161907
12.552035689
12.746706234
12.876274289
12.966922437
12.375908765
12.727555683
12.840172972
12.588924861
12.073414711
12.837711819
12.907494604
12.435821148
26.858924274
24.054902768
25.665640196
25.181972961
25.274167339
24.890590370
25.244169803
25.111456010
25.571971638
25.323315129
25.332422401
26.445556565
25.277570633
25.363336798
26.273546435
24.916801604
25.754123311
24.456142127
25.629332789
25.191945807
24.768390049
25.143384373
25.153034871
25.049599316
25.451589497
25.590812480
25.165900258
25.547685454
25.603120117
25.170274221
25.317211570
25.080467694
25.643146612
24.952756560
25.747160259
26.050942706
25.747294445
24.815322909
25.709650194
25.436146915
25.087180286
25.390862433
25.219062019
24.769532814
25.637065612
25.469174428
25.310069151
25.660973069
25.375599539
25.454508209
25.229745465
25.283382424
25.138919878
25.598017739
25.296903004
25.514814941
25.275124965
25.630453394
25.436205124
25.152705072
25.851298775
25.149158956
25.111835551
25.263423337
25.139947432
25.445435252
24.863488163
25.863030920
24.874040196
25.238195370
25.563510150
25.183871283
25.831327951
24.924443789
25.629807273
25.273596346
25.394913409
25.593930645
25.325398063
25.560478582
25.566907831
25.687814040
25.899893016
25.286581883
25.374466483
25.947850469
26.171486588
25.888423666
25.689232479
25.628196493
25.831308717
25.701234613
25.260474695
25.826176673
25.844942245
25.726686693
25.191505914
25.424507172
25.610422633
25.463960524
25.169749610
25.717902900
25.269724259
24.690343976
26.347210289
25.766074841
26.443212043
26.276873937
25.654692632
25.544403476
25.359041731
25.278423411
25.501154515
25.189184642
25.371608387
26.338400846
25.013782523
25.816935366
25.249853200
25.067322784
25.488910415
24.998401294
25.752524088
25.378804305
25.533214247
25.425008740
25.559662129
25.212193506
25.876207348
25.778318407
25.498858362
26.507243698
25.242912673
24.975117246
25.704266602
25.295978297
25.079138286
25.483663602
25.082195995
25.583419806
25.267581981
25.815950062
25.126555418
25.482218451
25.295470262
25.145382813
25.800403632
24.922693963
25.278778368
24.778411091
26.013989679
25.570746103
25.391426607
25.972307769
25.891760602
25.206691509
25.627876564
25.723278204
25.282909684
24.992166424
25.549137688
25.226808206
25.341000195
25.163411195
25.279946421
25.886399591
25.146980994
25.522452455
25.610977834
24.757218382
25.724617281
25.074935331
25.181586156
25.443012388
24.921064192
25.355356394
26.089766408
25.295884780
25.436732291
26.080454502
25.379327374
24.998841538
25.789739508
24.813976121
25.219531229
25.604335425
25.474796778
25.184418520
25.519845935
25.345092499
25.060543785
25.448025207
25.719623515
25.499445794
25.167309252
25.351665015
25.562773427
25.598117417
25.337173893
26.356147072
25.637682454
25.190921395
25.338273433
26.264777410
24.274944910
25.405890881
25.741065312
24.706043126
25.095143280
25.978801835
25.107854546
25.075042896
25.580842282
25.037929583
25.347063417
25.092598221
25.388202627
25.345984608
24.975748157
25.044502484
25.362591534
24.397265965
25.973020364
25.240466829
26.363358490
25.394278861
25.184340673
25.830007191
25.575421727
25.458658495
25.151474658
25.497900445
25.035553985
25.219613693
25.304596074
24.868204034
25.268845346
24.649799485
25.316663107
25.599505847
24.838294824
25.036086818
25.262748925
25.066573814
25.126054770
25.107165658
25.825116889
25.310914845
25.890913286
25.428563871
25.541967352
24.886017337
25.333917848
25.291542074
25.359368999
25.785925838
25.163872993
25.565431685
24.736764967
25.235282339
25.681754811
24.592042659
25.648339850
25.139524490
25.079431065
25.339202477
25.395552173
25.632870656
24.226075477
25.712914911
25.028574561
26.328948819
25.069662550
25.502323360
25.822529528
25.769450333
25.091388973
25.569655624
25.100556304
25.713259118
25.498185848
25.447017795
25.569770434
25.384991480
26.001236683
24.897758376
25.502762755
25.830718561
25.331839397
25.326205248
25.403843574
25.797670191
24.925264045
25.958076212
25.631000414
25.683893572
25.997698592
25.445292759
25.447514399
25.225982182
25.352942154
25.592429606
25.500980390
24.887063892
25.148568362
25.413342624
24.941863629
25.461401485
24.714039822
25.554583720
25.278382711
25.131912990
25.684409755
25.239171982
25.128739799
25.289668170
24.898242301
25.928711677
25.989357646
25.448182554
25.921542319
26.109453677
24.853761522
25.278237065
25.552630497
25.326809558
26.200327811
24.773108047
25.735927268
24.928516327
24.942008193
25.049565101
25.737455774
25.543765591
24.885717979
26.033387829
25.383991277
25.034514585
24.991769338
26.070569764
25.619590509
25.162476218
26.313661366
25.493441342
25.061489587
25.548470008
25.729807525
25.369795831
24.545408836
25.797928491
25.065071051
25.294912984
25.110637488
25.622312778
24.739378675
25.425163582
24.947023757
25.361560702
25.646696501
25.821147921
25.367032873
25.390771013
25.473587850
25.209192123
25.631791795
26.794978659
25.862700170
25.800516062
26.000711576
25.967273510
25.793752959
25.925165969
25.858897540
26.095612393
25.938905277
25.272679083
25.580561728
25.648938005
25.295940610
25.726055488
25.805462504
25.386927875
25.646090523
25.873804334
25.264899191
25.315376216
25.737755055
26.060180231
25.551708557
25.703471496
26.710551686
25.429437446
25.004173867
25.326325509
25.427262462
25.428108343
25.137934476
25.474021103
25.113280943
25.474433202
26.059860354
25.455714507
25.755531145
25.037611537
26.216391006
24.777662017
25.503318584
25.699963448
25.481631892
25.442015003
25.464417462
25.984037946
26.288645858
25.703204318
25.888326996
26.001461235
25.876755187
25.102638188
25.718704042
25.548691355
25.526034988
25.737841322
25.601588749
26.228832976
25.021555226
25.658417338
25.632817121
25.235236803
25.910191642
25.100496474
25.690158743
25.515506202
25.664471152
25.206258083
26.329374004
26.327952174
25.230290307
25.518560152
25.984660630
25.298909695
25.537088391
25.569091469
25.581503618
24.927778758
25.701737160
25.583384978
25.502585506
25.650546660
25.666143234
25.729935386
25.320200388
25.735220296
25.467884697
25.552443346
25.248025130
25.787178187
25.097436735
25.250239798
25.924030838
26.365627356
26.254554046
25.764772290
26.174091704
25.062503332
25.511950130
25.385902454
25.246162577
25.571006179
25.871204361
25.385497556
25.639822368
25.727151677
25.635456360
25.558894369
25.667282886
25.617481341
25.765241765
25.914498427
24.962731112
25.433555368
25.545131634
25.790146749
26.043227222
25.800013091
25.541800405
25.530045960
26.448336992
25.034440610
25.942789318
25.491573553
25.560448052
25.356394873
25.716700580
25.601259999
25.442207490
25.248821820
25.836714924
25.532519237
25.074359860
25.400590813
25.912316778
25.238721642
25.396397823
25.866615781
25.460729367
24.770679807
26.519029238
26.276306246
25.112638467
26.558906692
26.298116082
25.930713082
25.630987944
25.914086587
26.126113236
26.977306962
26.177695588
25.606682456
25.481680845
25.460776749
25.602766487
25.719452534
25.276667691
25.464340950
25.446410267
24.917089461
25.666637788
25.440976675
26.059572246
26.223608206
25.794090712
25.740826630
25.963802869
25.427998576
25.726180792
25.448122709
25.579167821
25.446746824
26.111677063
26.016268490
25.992116937
25.321727959
25.788401573
25.500233399
25.635992033
26.029803506
25.466026344
25.909284292
26.001626993
25.174910488
25.509853262
26.151957680
26.370188425
25.433063711
26.013114341
25.864448746
25.722305050
25.234674661
25.230779589
26.039112149
25.351262130
25.930946126
25.559184857
25.654162569
25.270702901
24.659778067
26.029448375
24.712263170
25.050611139
26.127584472
25.055456416
25.555561521
25.641323563
25.449748625
24.909840752
26.086673809
26.639725550
26.079134237
25.347468510
25.645363744
26.304997095
24.680567477
25.460204779
25.887787394
25.128319521
25.570592400
26.686137636
27.077315015
25.547742997
25.451953160
25.768123984
26.046126740
25.286627175
25.814096272
25.443106585
25.137578283
25.727205249
25.410552649
25.874143121
26.236636685
25.526253333
25.573419151
25.766351262
25.181209502
25.092066850
25.176008955
25.420584454
25.718587226
25.121559207
25.080975736
25.625800131
25.158872539
25.675864214
25.026987865
25.330799788
24.762223140
25.321549951
25.424802937
25.257322611
25.155720081
25.628764108
25.506224656
25.121660208
26.150667493
25.562764498
25.595563829
25.315849271
25.857588859
25.389520984
25.923849213
25.239459986
25.878445279
25.659203711
25.214172767
25.950462149
25.529781579
24.676373039
25.137051905
24.767756613
25.402912371
24.839239268
25.641862702
24.895984743
24.943267372
25.715371741
25.520230876
25.942156901
25.021656443
26.338522586
25.421790576
26.444037848
25.461135956
25.194035545
25.845471854
25.403362945
24.871759662
25.678088465
25.037163701
25.072658380
25.221253292
25.446888254
25.129604686
25.030924423
25.295454404
24.891862823
24.969023736
25.205220133
25.102802375
25.412447202
25.464342839
26.246102930
25.024563732
26.400244321
25.461521935
25.534777369
24.926417917
25.129287751
25.391241464
25.441057239
25.243274087
25.235478012
25.440269036
25.477967490
25.658201635
25.236969786
25.059942075
25.787224674
24.927020084
26.094855172
25.136746984
25.849138245
24.787051956
26.037554727
26.276093120
24.749532853
25.797395579
26.020101234
25.483172657
25.106494392
25.386141465
24.970580318
25.075372272
25.271299614
25.747710214
25.418554295
25.120100758
25.203189525
25.471887051
25.098833104
25.757016268
25.583539917
24.886390637
25.187663633
24.940396642
26.016910631
24.736697811
25.789973194
26.096891039
25.401482877
25.608034469
25.948403280
25.884925503
24.588712266
25.226438294
25.405601770
25.641630314
24.950899069
25.621243663
25.570351890
25.580530091
25.325548815
25.757514993
25.396934397
25.243058084
25.927364353
24.886273186
25.348304251
25.573475789
25.362356777
25.389121800
25.051611508
26.280491310
25.960460042
24.959123468
25.898732192
25.738002729
25.749569398
25.699974921
25.323420574
25.478084117
25.323025889
25.603695693
25.452250665
25.407701239
25.594216447
25.256058309
25.338594751
25.590821128
25.003765000
25.918323440
25.418553873
25.360213518
25.418125764
25.786873750
26.047216354
24.875443201
25.903134354
25.704028732
25.449290819
25.835647475
25.704083234
25.928479247
24.813880740
25.755217552
25.425119187
25.363587528
25.408251565
24.870660850
25.431562200
25.214966182
25.435277268
24.910845660
25.440153974
25.326186225
25.088854481
25.628620395
25.434941201
25.574605478
26.010941716
25.774694712
25.245683904
26.395222763
26.034206502
25.435060747
25.838200789
25.543658061
25.034943385
25.349101034
25.114357336
25.492016481
25.518998222
25.403218157
25.467005998
25.051618344
25.648416010
24.745077107
25.636247554
25.113475105
25.141937197
25.540419627
25.504508511
26.093738328
25.467417959
26.591526362
26.300607583
25.159377938
26.070252630
25.540467923
25.568792775
25.232409673
25.603026929
25.247104032
25.333499918
25.576548485
24.713382869
25.618232926
25.126022864
25.528913302
24.841760557
25.384957410
25.388208499
25.084153960
25.620720478
25.081210874
25.620623732
26.253839873
25.469739513
25.371138870
25.807353409
25.276740284
25.181098344
24.981855335
25.345013691
24.591472024
25.418490003
24.788898253
25.204164082
25.115591427
25.256509343
25.745185260
25.780226962
25.010667270
25.180984486
25.370842028
25.908945391
25.389961239
25.650322115
26.098204281
25.699267796
25.511740874
26.003785372
26.134270238
25.144309031
25.489639041
25.765226817
25.496209511
25.331010110
25.798843861
25.493533392
25.454929859
25.871282824
25.578762492
25.126421416
25.624644532
25.146648515
25.904115300
25.487697038
25.705759580
25.632940527
24.944530208
25.848219697
26.336675088
26.162413445
25.684300338
25.911016962
25.630203198
25.373994470
25.652810448
24.847410161
25.159445158
25.737176870
25.273542284
24.938063128
25.721100563
25.698309114
25.366765775
25.592512277
25.601045055
25.084550839
25.205648565
25.908420280
25.186301516
25.311874099
25.431454162
25.856703129
25.678992969
24.921655690
26.384193077
25.901831343
25.757118444
25.025504312
25.507845380
25.087225259
24.951078852
25.639165062
25.242239637
24.743249861
25.261546839
24.880365141
24.942571336
24.782344410
25.309313146
24.956913884
24.722367734
25.356810907
24.814952942
24.977949216
25.076924166
25.757928479
25.974498298
24.749849003
25.447485385
25.412586843
25.389353264
25.325499613
25.933180942
25.545421854
25.040490157
25.499359962
25.122459071
25.247661294
25.709320620
25.257860872
24.899887869
25.602189038
24.937164528
25.161954044
25.003204808
25.151562201
24.979209813
24.768482986
25.169105745
25.373790551
26.251883324
24.994817360
25.401334640
25.990359711
24.628958629
24.896152298
25.365604884
25.061625487
24.991627346
24.659963756
25.036025443
24.770249681
25.134600177
25.321343258
24.847096003
25.196531583
25.146652631
25.270612924
24.942837999
25.493966187
25.170776977
25.632453338
25.191739090
25.139523451
25.859635296
25.497294394
25.432376641
25.620341040
25.367700082
24.786063645
24.976442153
25.331520003
25.756432174
25.031707893
25.082772608
24.782277743
26.066136170
25.233296269
25.387473860
25.929655042
24.872874494
25.291802732
25.324460565
25.430255332
25.002566441
25.619632822
25.167537231
128.371978485
121.253090892
119.932695902
120.904279171
121.420669307
122.719895963
120.406081273
120.774717831
121.709853697
121.497438295
122.582409830
120.105990362
122.761145670
119.516383132
123.292106584
122.580305080
122.610946242
120.553172723
122.199269545
121.015524238
121.363533630
121.795721097
121.393748941
120.917244264
121.558285679
121.073848027
121.056277319
120.848400264
121.950317991
121.441180748
123.068882952
122.381163059
121.592353870
121.684425491
122.281535400
122.153774623
122.368105702
121.486218639
122.524234888
122.728835932
122.320914392
122.415946744
121.170071386
122.621376400
122.938101338
123.606523808
121.924550057
121.357272101
122.243434446
122.263943082
121.342752591
121.839456110
121.458505967
121.359263914
123.526682087
121.594986914
121.571469568
121.712884066
122.851557577
123.113221235
121.505304254
121.834202320
120.798072660
122.513701856
124.024068999
121.469718662
121.306250232
121.813876179
121.705934779
124.169027495
122.508952155
121.516723531
121.940101446
122.949342586
122.717739441
121.791536278
120.756834728
121.359646408
122.802447820
122.016788082
121.020023915
120.583510131
120.611750464
121.273349366
121.969050785
121.356597988
122.166940476
120.150612166
124.466399870
123.716417868
121.972716418
122.235235756
120.798969261
122.866384029
121.021950261
121.294609628
121.189508138
121.940485913
123.903780500
121.941107634
121.779451621
122.173720795
121.514296257
123.691728791
122.774631704
121.589520140
121.865635014
121.766670765
123.587467108
121.605439018
120.894531177
121.120283482
121.246887716
123.397152603
121.037242402
121.750969882
120.912095905
121.111906158
123.416245382
121.719935043
122.237912197
121.769785575
122.015734567
122.860053315
121.871133433
121.049412467
121.749707420
122.035124464
122.841568081
121.551302301
121.643029585
121.868595813
121.041077037
123.296212258
121.596131339
120.773772225
121.595685472
122.190608613
122.436677053
120.489839411
120.546082943
122.122942129
122.329545038
120.969961869
121.221738717
120.552236973
122.035046516
121.741060955
121.909178908
122.288113892
121.627870375
122.315936776
122.188961008
122.264333095
121.616465236
121.576239446
121.604966616
124.024783783
122.436821886
122.165757141
120.884179816
120.586771590
122.720472566
123.296987176
121.795426623
118.458320359
120.411684685
122.407495677
120.937081360
121.242467567
120.585161473
121.091698616
123.167455278
121.539868003
120.314071149
121.419004763
121.105445960
122.651598449
122.111087947
121.755392698
121.186512355
121.235431392
122.633923652
121.513136833
121.907587485
120.543719680
121.847887457
121.954223571
119.841751504
122.090216849
121.414429330
121.739304913
122.574572969
122.134461930
120.849794270
120.409091287
120.882386995
122.993805938
121.422301855
121.863195594
120.738717129
121.556256318
121.829136387
121.154874274
120.069475305
121.544710548
122.208533821
123.504108021
122.153548539
121.528268204
121.091387431
121.967832493
121.381138649
120.738704571
120.931564314
120.550290258
119.467964209
121.171690774
120.748508596
119.717406861
119.807451477
122.075095180
121.658338478
121.515850430
122.148015766
121.916577601
123.163976566
123.044201581
121.183732853
121.458090349
121.476087554
122.479409305
122.042701600
121.455017520
121.673059312
121.554613397
123.840716093
122.287394530
121.694898698
121.720812876
121.738244468
122.960253292
121.915691085
122.621994336
121.992316136
121.383470742
123.258920256
121.796990931
121.004974357
120.777554019
120.357733015
123.214545168
123.610919814
120.696176268
121.220617738
122.048286669
123.162659604
121.696207179
121.760399414
121.454220273
121.955862563
122.064042678
121.218253560
121.910295442
121.528099337
122.573226831
123.581924651
121.068160987
121.721105165
120.852164886
122.124704422
122.738153350
121.503934556
120.990417641
121.498807487
122.827602776
122.371771941
121.409055536
120.966317365
121.592090585
122.146774251
123.197123281
122.928702334
121.700342864
122.428359162
122.450219205
122.316793247
122.165914498
122.022545499
120.949220642
123.435411191
123.366705895
122.515002369
122.341858473
121.909129268
123.248720773
122.188486260
121.842266510
121.043290477
121.806223046
123.477809888
122.140329963
121.072078706
122.006283269
121.684037318
123.059961172
122.146918094
122.213355597
121.608264579
122.780344343
123.818515692
124.012856802
121.957006809
121.954834454
121.958826520
124.032260366
121.726496516
121.315518189
122.313361979
121.846540390
123.309176130
122.288943517
121.819010522
122.022690678
121.176571802
122.927909105
121.126377573
120.691349484
121.353283857
122.980082455
123.133560413
121.231887950
121.768877087
121.409480129
122.003670861
122.513036712
122.219879809
121.018172688
122.492579486
123.565451905
123.297264634
122.906129628
122.641842959
122.040473751
122.258135610
123.481906425
120.926240780
121.725099640
121.188592772
122.706725311
120.439161024
121.827646510
121.783854940
120.621765686
123.728728087
122.125394253
121.324572545
121.115231721
120.816210542
122.561982426
124.209082710
121.592764654
121.435650965
121.809749912
123.073546175
122.466531452
121.104579185
122.357866679
121.787373583
123.194898486
122.772414467
122.208205497
120.921703813
122.952744251
123.759158071
121.428039505
121.785523331
121.831190097
122.057330757
122.192258016
120.508911467
120.555784023
119.599733508
121.143373376
121.615993857
121.503200143
119.970011634
122.146432054
121.163469870
122.356426547
121.863415914
121.325214851
121.422639528
121.876942475
122.396997556
120.227308227
121.458818292
121.519294031
122.496018582
122.899313850
121.556574978
121.538386547
119.487622154
121.586706208
120.718275489
121.278425478
119.737017105
120.326622590
121.686559978
122.191537515
120.165050713
120.694090231
119.913695584
121.881923025
121.332544882
121.189368776
120.986798965
121.049963324
122.784413483
122.257625250
121.426305935
121.626432454
120.762692429
122.127366344
122.129559394
120.352589541
120.815566442
120.526512166
122.651645930
123.655132836
121.137041773
120.609340913
119.175021494
135.899146112
121.315142126
120.233656384
121.612670641
122.415740723
123.718001631
120.637255072
120.173728391
120.043057549
120.650905137
140.750950623
150.622812400
120.928101188
120.086076040
121.747284360
120.711837469
119.726569940
120.111967391
120.219513100
121.044295420
121.674498576
120.781745348
120.659712443
120.346306795
122.034134218
123.738467846
122.008154977
120.811182336
122.231354683
123.544919361
123.835635726
121.135015217
120.403790737
121.774266037
122.352387131
120.892936541
120.647880225
120.714745976
121.096400185
122.167161285
121.525802061
120.302838791
121.159169854
120.784058266
122.716776510
121.947416889
120.488964842
122.191491493
122.335306829
122.587355827
122.443424435
121.367666760
121.590723661
122.238215583
122.994996431
125.053919405
121.639206296
121.615133082
123.329411470
124.965879030
122.998580740
123.226658659
120.798925094
122.632588885
123.313689245
122.204298566
121.406609183
121.428125060
122.577032947
124.225962965
121.860432828
121.695762926
121.705238045
123.426099629
121.662587910
121.782292746
121.761295714
121.360680169
123.895938858
122.891002784
122.265954263
122.421580353
121.903937736
122.641670303
124.093922594
122.022494232
122.133960330
122.095823714
124.446194260
122.088879005
121.689111323
121.993224613
121.264284285
123.856388644
121.942578535
121.425350355
121.246723618
121.345520013
122.808967485
121.281153522
121.706612475
121.348625484
122.117020165
122.332416351
121.590117652
121.725945966
121.328633127
121.702767494
124.185235730
121.158437929
122.336411845
121.857258465
122.518685283
123.032582120
122.886905434
122.070355911
121.531594294
122.676703104
123.962175675
121.613666808
122.696252564
121.297097554
122.281224111
123.365591610
122.060009978
121.970928130
121.760664832
122.415556505
121.662045229
121.855595947
121.759119094
122.192468946
122.790727763
121.641075839
122.369221300
123.487111863
123.327609424
124.082691417
122.035281092
121.918284464
122.497182875
121.013525293
122.590873425
122.755542217
121.479172136
120.218582304
120.444833827
121.630401248
121.265569736
120.696024996
120.520942631
121.004417821
122.727435488
121.800063652
121.244882873
121.013627328
121.394104429
122.873355177
121.073705641
121.500823184
121.909085573
121.245131808
123.216163573
120.411342729
121.450940276
120.826250994
121.721773699
123.743484630
121.389970780
121.784048682
121.179302983
121.682048569
123.184798896
123.369668806
121.567619205
121.192638476
121.904935248
122.832248865
121.943241788
121.977544767
121.278703505
122.921238602
122.947884864
122.177815716
122.637775213
121.008683551
123.011754680
122.161305258
122.127863919
121.036423367
121.774626441
121.451300484
122.341406251
122.328472628
122.300819291
121.025658338
121.499114903
123.411963137
121.755327763
121.281670218
121.401870607
122.728155736
123.186185711
121.735163957
121.640270059
120.214779138
122.610624220
120.917891839
121.832071322
121.140214349
120.839201830
122.819814923
122.481143344
122.044957957
120.240129457
121.511570837
122.954406802
120.917456198
121.248565584
122.079288903
120.876486496
122.179606065
120.798111440
121.401287177
120.270829916
120.623538696
121.812330664
124.027934617
121.499227615
122.171151751
121.267071423
123.020797821
123.338252964
120.823463001
121.924798321
120.895547919
123.079753690
121.985928158
121.540262289
122.237016324
122.425088055
122.405146119
121.536584715
121.097174354
120.846733080
120.361543167
122.296617609
120.533174403
121.445924740
121.589815590
121.286997143
123.590844675
120.349691605
121.183706338
121.371889432
122.078416314
121.687677238
121.806253120
121.499279382
121.677128875
122.692547200
123.372260149
122.922736884
121.798011446
121.764342226
121.567976551
122.465466521
121.560397983
121.974905293
121.495574541
122.317760841
122.471970160
120.678928574
121.189397067
120.349234679
121.898750520
121.637352144
121.196184851
121.727098776
121.424091794
123.056575627
120.493041697
122.039294813
120.971190737
121.049757263
122.860665819
122.019403382
122.149448457
121.251259997
121.477650592
123.601560193
123.142820635
122.108357109
121.482383730
121.216369992
124.195317145
121.651276641
121.678670098
121.172403634
121.612438635
122.088977259
121.121610041
121.305437011
121.366520424
121.640822148
122.938967530
121.935314700
122.216953604
121.041429906
121.457575356
123.566897698
121.449504027
120.308470849
121.379834196
121.781031989
123.090147663
121.895236181
122.263955224
121.410428017
122.326902449
123.811978268
121.335509414
122.075693608
120.946159159
121.464605985
121.802246627
120.244143514
121.496643706
121.161196115
122.543337107
122.372558595
120.088211572
121.231167429
120.644608375
123.035254754
121.637500511
121.111120348
121.148244022
120.359349081
122.188451410
122.419748929
121.238503741
121.646713869
121.122020539
122.760638709
121.578672569
122.596147019
121.322749926
121.534549800
121.843539803
122.875334501
121.183901637
121.366967484
121.356234501
123.195933882
121.193952722
121.223267279
120.618024417
120.453176260
122.077955620
120.665160640
120.028959527
120.546601734
121.330441846
122.591303005
121.474285336
121.434811794
121.122269598
121.811691457
123.023403016
121.157795727
121.242434274
120.646334297
121.866827197
122.711756303
121.561671086
120.939007733
121.561005381
121.349616275
122.779883843
122.742738385
120.521069963
121.132610184
121.210146958
123.258710187
120.888543787
120.862831491
121.016491895
121.004379842
122.820325471
121.231095986
120.849760791
121.521704209
121.862915752
122.038067619
121.570013842
121.535347312
121.348990683
121.761457079
122.525699739
121.067860326
120.947986868
121.923699237
123.001721830
121.676447868
121.210873207
121.862086367
120.973604502
122.127513307
122.976109699
121.843224368
120.564022720
120.580558179
123.515049118
121.150904541
121.192697388
121.583779632
120.880340011
123.090874854
122.150867446
120.303763395
121.556802597
121.257682013
122.626274089
122.362854204
121.835329652
121.994507835
121.232570739
122.920127827
121.596843071
122.221881245
121.192501145
121.305866736
123.261427386
121.695879723
120.738430761
121.020125382
119.897221715
123.582089632
122.827635489
120.907998771
120.688370330
120.654113042
122.815241345
120.863405831
121.068856297
120.230343027
122.170175220
121.852854801
120.733322956
120.620070151
121.201646657
121.135569793
122.098129822
121.371221681
121.268223109
120.801517547
121.694472096
122.450989458
121.098773155
120.584867438
121.439324438
121.095313159
121.764706635
120.897827792
120.803561481
120.679612821
120.594483328
122.508105475
121.961189993
121.418169294
120.551500818
121.703666986
122.125195858
120.605527578
121.106314237
121.142740637
121.276633530
121.032125379
121.342356531
120.605264355
121.338690533
123.345289345
121.722895163
121.444853091
121.081903948
121.108933212
120.748359165
122.101120580
121.412366097
121.496372675
120.011207561
121.659886008
121.724354333
121.414372364
119.864053533
120.077472718
121.544798099
122.607042140
120.393924893
121.663498574
120.459622922
121.854779010
122.278340611
120.637743997
120.998063355
121.017460877
122.513241587
121.529115954
122.026532358
121.242975344
122.047470387
123.284323663
121.390959456
120.882835241
120.874453696
121.441784432
122.044832852
121.403506207
122.068271823
121.568869886
121.624336809
121.988206279
121.156955616
120.287629741
120.766645807
119.642231325
123.141564870
122.668688524
121.412899375
120.778426723
120.903871371
123.420332476
122.243963366
120.752396393
120.750645237
122.200352497
121.907717743
120.641439066
121.584385924
121.948756517
120.818763600
122.556504411
121.075852336
121.183528418
122.336673110
122.269110966
123.262406938
121.690753797
121.614720112
121.120758067
121.809788022
122.600398654
121.049076332
121.308450158
123.982473351
122.599198009
122.804480568
122.327576942
121.658244124
122.528939133
121.955516508
122.297466673
122.254297842
121.682658599
121.629485918
123.304330946
