0.697931163
0.703275007
0.759907553
0.698106708
0.708074648
0.700112751
0.769336244
0.710406008
0.716409376
0.737541807
0.741256773
0.786337489
0.655420616
0.754750852
0.752755978
0.746191613
0.786164461
0.758646745
0.803749959
0.772229857
0.802054875
0.766757345
0.775363586
0.775165783
0.800478772
0.804477363
0.786249373
0.737201811
0.758743394
0.788052821
0.796302024
0.744079212
0.764560776
0.757487319
0.789493556
0.753902295
0.770851249
0.778432505
0.799652374
0.768930114
0.702544128
0.746813298
0.762651371
0.743365838
0.736267581
0.740176010
0.740905627
0.727395257
0.714869944
0.710203492
0.759582034
0.762648094
0.747811990
0.745416024
0.775457079
0.752719476
0.770760693
0.753757365
0.797690562
0.768165284
0.801241917
0.743246825
0.764641452
0.763958400
0.767474487
0.687640347
0.763079063
0.751680586
0.755194340
0.744771289
0.745639243
0.806066236
0.774851733
0.766698377
0.787429670
0.755190353
0.770841154
0.761174075
0.752853521
0.736120739
0.705851407
0.738179261
0.794474244
0.765058807
0.783255953
0.774848587
0.780851780
0.767544743
0.785997838
0.773756296
0.888069369
0.765141154
0.736143079
0.746959772
0.762126035
0.727846689
0.767105625
0.733457595
0.736973565
0.700329034
0.772250057
0.755332809
0.766149369
0.762622520
0.750617436
0.764410873
0.747962803
0.735781072
0.771314909
0.744310662
0.778734255
0.760332291
0.725193313
0.748823774
0.718536398
0.726143922
0.758022067
0.748864595
0.775061745
0.744335349
0.723777922
0.665402752
0.757379177
0.712024172
0.743571205
0.708152709
0.746778536
0.764765434
0.700692897
0.690942024
0.757356750
0.651777427
0.738453369
0.734434088
0.733822888
0.780640819
0.682858158
0.792446269
0.745769007
0.799139476
0.804828102
0.723395631
0.753563054
0.764427106
0.695953984
0.782398592
0.768650790
0.775884762
0.745997573
0.683641663
0.765504678
0.795092276
0.747731024
0.799675684
0.784892714
0.804173735
0.779075513
0.756569607
0.776287244
0.759050836
0.716285514
0.725083265
0.756577368
0.757577554
0.689822775
0.759868390
0.759548441
0.809557588
0.806274820
0.811771973
0.798062466
0.775636268
0.788837620
0.783115631
0.758220313
0.735566477
0.794730496
0.807193530
0.798061976
0.769853497
0.793776562
0.782768767
0.803732007
0.779829287
0.731998101
0.731237999
0.731793348
0.744280809
0.763036784
0.763140893
0.758824638
0.767165461
0.754520824
0.741627405
0.734107608
0.649576017
0.753435719
0.730124041
0.703469614
0.652011476
0.743162096
0.737583674
0.654639997
0.732093600
0.772262499
0.770750705
0.701161801
0.686532050
0.736411051
0.676074976
0.754121303
0.717689695
0.729446760
0.734098535
0.739029086
0.744702299
0.830355735
0.802420556
0.784416656
0.764585092
0.752326469
0.746831681
0.700650530
0.767650038
0.744276908
0.761328287
0.769864712
0.734343416
0.751893740
0.742251687
0.774163975
0.771700384
0.764260980
0.727316215
0.768296345
0.747083509
0.753453834
0.759004191
0.699709676
0.752291166
0.760811611
0.740960990
0.826050022
0.808459041
0.784042049
0.779704595
0.796242033
0.727222501
0.788581986
0.750322372
0.727428185
0.742763376
0.741321896
0.738818434
0.753531397
0.757908621
0.769914758
0.802228449
0.766884667
0.774712369
0.788125762
0.777222114
0.729359838
0.736347701
0.774724158
0.749497662
0.751744053
0.751245747
0.765252517
0.758228516
0.736093388
0.775577327
0.725555079
0.764465027
0.796659376
0.737001237
0.755574242
0.756120759
0.703849455
0.827925662
0.795788047
0.787937985
0.813195875
0.750019528
0.759255279
0.779596866
0.798708060
0.749932489
0.775335702
0.745741870
0.739883680
0.651391863
0.748804041
0.757113536
0.751417933
0.750203263
0.734747041
0.756021216
0.754363866
0.741023425
0.721810353
0.736834838
0.756303797
0.740168767
0.646647560
0.726417961
0.738584675
0.732050156
0.771528438
0.649412184
0.684045691
0.734789642
0.735042973
0.763051001
0.649787603
0.710331759
0.751873834
0.717489637
0.751596319
0.733032353
0.740020764
0.800453489
0.797013773
0.807905879
0.755814996
0.766829893
0.766797945
0.789862078
0.771044479
0.754299697
0.729012503
0.775027707
0.694808610
0.736475811
0.707408900
0.789987095
0.768612584
0.769115225
0.774952012
0.758412387
0.770270669
0.739768265
0.677990637
0.735558628
0.731777925
0.718746096
0.786592538
0.795684376
0.722041514
0.732751393
0.736401544
0.735088471
0.739471432
0.745523035
0.732564388
0.765781661
0.753936485
0.771404587
0.724038389
0.764101149
0.746755888
0.742205751
0.750307314
0.738020971
0.767275010
0.756495998
0.755129915
0.850567589
0.811273421
0.810385258
0.788344069
0.791423269
0.809460207
0.783333804
0.778581429
0.786346204
0.810869098
0.810537066
0.786674713
0.792639765
0.752324165
0.768222097
0.762710554
0.765042359
0.763682313
0.767701013
0.771856003
0.818945158
0.790196711
0.802895221
0.761883212
0.760592473
0.763281159
0.763674605
0.778654014
0.788783808
0.789054355
0.779076731
0.742066639
0.734339344
0.750481538
0.757193885
0.738191783
0.692564609
0.749842679
0.763795993
0.814229656
0.763713302
0.763543078
0.794000326
0.756491917
0.794002081
0.773291455
0.773338282
0.767099777
0.810675572
0.800158625
0.793147622
0.811181120
0.761791362
0.788226151
0.789169809
0.801121493
0.765763129
0.733860322
0.735570882
0.757375162
0.736190077
0.738034160
0.736941686
0.754786855
0.771933360
0.768846635
0.766933049
0.748687531
0.739916949
0.747100906
0.770319356
0.755127469
0.773840457
0.739055178
0.751390558
0.744795796
0.748086501
0.765677337
0.761693952
0.802854963
0.800417240
0.804873193
0.763303647
0.764999490
0.755931594
0.763805403
0.749414858
0.763353683
0.752567240
0.763334662
0.766465147
0.766626149
0.745051613
0.772982583
0.709066634
0.697004550
0.726213349
0.711238798
0.765538136
0.794644892
0.742392185
0.758699928
0.769535518
0.715581124
0.755599900
0.794957559
0.751280683
0.773447907
0.756488391
0.776959913
0.785757144
0.800105576
0.709151513
0.779142409
0.764818532
0.752072379
0.682354850
0.734285118
0.741978080
0.748293271
0.736035957
0.734236412
0.769616642
0.687806525
0.764419098
0.701721410
0.753344584
0.737400714
0.755405917
0.739304090
0.752891717
0.754538131
0.748681972
0.736802531
0.771680560
0.766447115
0.779769213
0.729598548
0.808936195
0.708122547
0.749752390
0.758890106
0.758943792
0.753465819
0.754858623
0.764977463
0.754972496
0.697233414
0.771371701
0.784112378
0.807653400
0.760894369
0.769495816
0.751220193
0.800917650
0.787272025
0.792466562
0.772743584
0.710653595
0.765397864
0.787375737
0.779424428
0.810484992
0.781376841
0.768309493
0.767155148
0.713892515
0.736604837
0.738806226
0.702962556
0.754587734
0.759584085
0.728571363
0.760418518
0.746735805
0.763529321
0.761502601
0.747500178
0.788154015
0.781684973
0.735365415
0.747753254
0.737249147
0.734668759
0.747703322
0.713199918
0.752659147
0.740095541
0.812529656
0.783258358
0.770449268
0.761743570
0.766666653
0.735585838
0.765935373
0.740099649
0.750901888
0.776071214
0.773250323
0.755621832
0.753981394
0.755135904
0.760465369
0.768975740
0.731391523
0.750673245
0.753137505
0.748672161
0.754310687
0.691383505
0.743221302
0.736284337
0.778505845
0.763644685
0.739308206
0.764509690
0.760338872
0.821255981
0.769401051
0.777329534
0.787506319
0.799431446
0.775954064
0.762701806
0.807507768
0.737439566
0.785328099
0.710334837
0.749929904
0.729542231
0.729721658
0.801049493
0.800608255
0.769388220
0.778715071
0.797346163
0.768326163
0.787740809
0.727596731
0.766985865
0.810471617
0.746342524
0.768289437
0.767496014
0.786921779
0.804414096
0.760755904
0.745752927
0.773157167
0.783246117
0.756185605
0.742922017
0.729278705
0.753067315
0.712933119
0.735557282
0.740083594
0.787777766
0.772173891
0.742215502
0.753824556
0.730739606
0.736857167
0.737692742
0.770381002
0.743689850
0.733281407
0.736470248
0.737562210
0.732573996
0.710956440
0.737426990
0.756327160
0.738378976
0.764883126
0.740645458
0.776782241
0.689800405
0.766392564
0.759158237
0.754599402
0.714258749
0.723861941
0.757610457
0.767756380
0.755509696
0.736159786
0.755986110
0.747153930
0.762037814
0.719390814
0.801004164
0.743912726
0.755190090
0.801545023
0.794708176
0.819017855
0.752104949
0.772573769
0.801011733
0.802691131
0.771473162
0.733409341
0.684433907
0.772747995
0.813939344
0.775733277
0.720798535
0.806311985
0.777537333
0.768129082
0.740397490
0.684447500
0.646255357
0.735130712
0.743819432
0.796656952
0.707800016
0.729478251
0.725821330
0.701547505
0.779573027
0.753978477
0.759459117
0.762173408
0.765161787
0.767113739
0.767451520
0.762409141
0.780384330
0.719226392
0.770412193
0.759288685
0.719347396
0.743734258
0.718191715
0.748933000
0.753111254
0.723333122
0.743289965
0.751728398
0.731543726
0.678351911
0.683337234
0.733100661
0.735662274
0.757048671
0.667252688
0.766823722
0.721266722
0.773714131
0.712671389
0.755668955
0.735947408
0.734629585
0.842127247
0.777189118
0.779549502
0.795036516
0.772188067
0.769596784
0.766437932
0.766158714
0.704696930
0.771544335
0.750989662
0.763860094
0.789483152
0.807481496
0.762045120
0.774617824
0.760750255
0.785278471
0.766346463
0.780642280
0.829676596
0.789420686
0.773658547
0.758002576
0.778048847
0.760199259
0.739754371
0.762450827
0.740671426
0.763703995
0.719319851
0.741126600
0.742919924
0.745302600
0.764404516
0.737600830
0.732654249
0.736403155
0.737742806
0.719764019
0.769819644
0.748064403
0.764867375
0.779339204
0.750650170
0.780124603
0.810346340
0.749271095
0.777455370
0.755952867
0.767664654
0.765803002
0.760094045
0.763128553
0.784784405
0.780957490
0.757389927
0.776175176
0.753622047
0.750722766
0.803691338
0.765358074
0.762212257
0.774802530
0.772040763
0.774528434
0.785294279
0.776218837
0.744259462
0.702929297
0.766672529
0.757983403
0.738816203
0.749413840
0.778780461
0.771606347
0.764147239
0.739186903
0.758763892
0.820308807
0.805712400
0.766412454
0.773884271
0.789402419
0.806111324
0.763798953
0.700173489
0.807042150
0.761168797
0.796212158
0.791914103
0.759393851
0.761650473
0.793105920
0.801675736
0.756886941
0.682990586
0.796728214
0.788741232
0.770791338
0.746268042
0.762875482
0.762223245
0.785141133
0.799419528
0.811836821
0.807079320
0.799484230
0.770202207
0.773945213
0.744197136
0.775107019
0.712954753
0.709374776
0.701164523
0.763595508
0.755836776
0.723907180
0.744891996
0.804807380
0.749255159
0.763358549
0.736347681
0.753820850
0.750946009
0.740623304
0.723630009
0.735057468
0.747746603
0.719140239
0.776693696
0.732940964
0.735269578
0.730107923
0.758363593
0.763198010
0.767168969
0.786388505
0.810210102
0.769812287
0.762736048
0.761848239
0.765887190
0.760779811
0.739020687
0.781912878
0.792217182
0.770107972
0.697435719
0.770018103
0.781528446
0.734828783
0.741003489
0.740841760
0.743316789
0.757131003
0.738996648
0.732836610
0.739590795
0.733712293
0.643782622
0.738154205
0.753618661
0.740100478
0.737266316
0.746115536
0.725339654
0.751794549
0.758261148
0.776384641
0.760146478
0.751733668
0.801947802
0.746285345
0.760153853
0.760958535
0.765725989
0.765689210
0.786374014
0.765868781
0.780785021
0.761222036
0.790591389
0.761439253
0.786854874
0.758867378
0.772960497
0.770181439
0.763646785
0.756464708
0.778858913
0.800821569
0.764164798
0.773660207
0.761322896
0.762479371
0.730551113
0.763052290
0.793037917
0.748823274
0.768206645
0.772108221
0.753856027
0.749272577
0.760737411
0.738282336
0.647279120
0.734000315
0.729962903
0.721082150
0.709868891
0.736868235
0.709988195
0.735212632
0.773661467
0.768979664
0.767125294
0.708612768
0.730054886
0.757032683
0.751678160
0.761653893
0.662303590
0.758396912
0.751958564
0.721228526
0.756915304
0.702177811
0.763084415
0.735466173
0.755967841
0.736021696
0.762981162
0.756925814
0.714018512
0.742034038
0.766904224
0.759512811
0.819039330
0.767496247
0.768947659
0.778787595
0.739221466
0.812154910
0.765122946
0.757989703
0.738928695
0.718651889
0.767894405
0.724457978
0.765463008
0.717520496
0.739913182
0.750264779
0.755526673
0.680633004
0.686792280
0.777102523
0.741486227
0.751029909
0.745596898
0.746393639
0.710218612
0.745259774
0.741251538
0.736126702
0.763001492
0.762463761
0.757502182
0.747977708
0.736240062
0.737939653
0.760240351
0.750266757
0.728652593
0.750799986
0.689318310
0.760983060
1.050025452
1.078153333
1.087082660
1.099545752
1.037588377
1.080436671
1.038197415
1.089171851
0.979758874
1.134310282
1.150159987
1.096901781
1.072495888
1.030743927
1.119596770
1.085868377
1.116811262
1.025068525
1.045710556
1.031852589
1.071479240
1.090257730
1.021608608
1.141391507
1.039557975
1.101100135
1.149485046
1.029120640
1.084099298
1.132080002
1.134797597
1.149111110
1.015549235
1.063772056
1.032049594
1.086135133
1.030455382
1.085030293
1.040780677
1.107044639
1.067793298
1.021347336
1.036666122
1.151685447
1.046834716
1.072303439
1.135155536
1.029514127
1.038515163
1.116221304
1.052566865
1.140706983
1.127053527
1.139968527
1.122175830
1.032789394
1.122593809
1.062781931
1.098190064
1.003974655
1.104787658
1.077239821
1.042202407
1.138473627
1.085924475
1.090621379
1.083771157
1.034668430
1.026935514
1.039919715
1.026385237
1.035909984
1.043133452
1.035244060
1.085349741
1.096360864
1.133625929
1.056331371
1.113853482
1.174248747
1.117332726
0.983468214
1.061687838
1.006034261
1.094598756
1.090675049
1.074411437
1.040673279
1.051106011
1.078482266
1.099225157
1.150069300
1.026230913
1.075662377
1.116756623
1.119303756
0.939712818
1.125119465
1.040702851
1.141731790
1.043041005
1.093341706
1.044091297
1.135291608
1.047563538
1.168774754
1.110024685
1.111224728
1.093144943
1.104529172
1.139885556
1.079505665
1.129797552
1.104957681
1.028531499
1.092640252
1.032046116
1.091178574
1.053656578
1.139836764
1.041191960
1.088057027
1.036709427
1.091087619
1.107239000
1.032360548
1.030707203
1.029375816
1.028667259
1.044709986
1.080573083
1.084690650
1.081202182
1.112383076
1.045609979
1.112841413
0.996843027
1.137552302
1.052752413
1.101184767
1.057226598
1.030030472
1.038962275
1.097036580
1.102980296
1.115806136
1.039568457
1.065062961
1.054706706
1.131424279
1.065713799
1.112778107
1.079051352
1.049950933
1.125234960
1.063443961
1.071617644
1.074372410
0.938340594
1.043491354
1.044050913
1.151583612
1.138313331
1.059219188
1.062075837
1.094985038
1.059780033
1.089965203
1.004085402
1.056554324
1.028180872
1.054885537
1.110679946
1.038766843
1.149646030
1.139264304
0.947421675
1.040815395
1.057227295
1.128254314
1.083376538
1.110415660
1.117624121
1.091728719
0.984914495
1.141086101
1.102770543
1.122107458
1.041951284
1.091677764
1.036543943
1.095613635
1.038405026
1.119042883
1.047024220
1.051402241
1.128714170
1.018286929
1.115010506
0.954338474
1.099776399
1.036988202
1.050218306
1.110366687
1.054588346
1.032397676
1.091876355
1.058177442
1.144333498
1.057472005
0.978277164
1.058804624
1.079213293
1.154255991
1.091612758
1.058404213
1.063260665
1.035565598
1.035675178
1.038938927
1.034116851
0.971883702
1.033172162
1.146448585
1.014245799
0.986816602
1.156015731
1.048332092
1.107945120
1.099553886
1.065374924
1.133523026
1.046253429
1.006309246
1.095568156
1.052000334
1.145213776
1.081110930
1.118746436
1.110326703
1.091978610
1.056662473
1.032649109
1.035754253
1.026796678
1.040401109
1.055331908
1.066172217
1.091308229
1.048215382
1.003550207
1.100013140
1.153164243
1.072210252
1.058216913
1.085930100
1.133146846
1.092661425
1.006816042
1.044689229
1.140187547
1.094755874
1.088558958
1.027517447
1.113338635
1.089283866
1.045976466
1.036467174
1.045680817
1.126531768
1.123454132
1.075090900
1.153946439
1.150011215
1.016210241
1.084295767
1.112639886
1.035589432
1.126745000
1.048342107
1.036457524
1.055513624
1.095847554
1.021458865
1.058674979
1.028727858
1.028923397
1.128594525
1.036236909
1.091963550
1.088676019
1.127580961
1.044662467
1.028974228
1.044553095
1.097686274
1.033507276
1.086872310
1.040815701
1.112190640
1.080311055
1.077047029
1.027241120
1.065728526
1.153447951
1.082899071
1.136415028
1.062267591
1.092804853
1.036955614
1.140648268
1.149919551
1.072102486
1.021727085
1.066651759
1.113890456
0.998991551
1.133878815
1.104194523
1.084664906
1.087757415
1.025316929
1.148734841
0.928736773
1.039053060
1.072894859
1.026632355
1.097719214
1.089183976
0.964970580
0.952877370
1.121111338
1.028667702
1.149298351
1.049517794
1.037617391
1.030740360
1.087095935
1.043026519
1.105475656
1.095051522
1.043830992
1.043240707
0.950954326
1.028038249
0.949334745
1.072666974
1.147404051
1.078339160
1.073850488
1.119332216
1.126455516
0.937279270
1.047609513
0.928179240
1.060105825
1.095042096
1.058084131
1.069704601
0.974824842
1.124923065
1.103546890
1.046853263
1.053447441
1.034770191
1.041273106
1.065138365
1.035370851
1.096573527
1.049840718
1.163294098
1.105060756
1.121871926
1.055446034
1.130894791
1.107107509
1.060983791
1.161378549
1.053520954
1.126769967
1.048404090
1.059869824
1.129209144
1.027509933
1.105760377
1.038582854
1.039828759
1.041288104
1.026037194
1.090206731
1.088651552
1.044043350
1.081122097
1.121491926
1.070417221
1.092951941
1.108672308
1.152312986
1.103345933
1.055544247
1.090726536
1.036354918
1.098567994
1.039982812
1.091173620
0.995383767
1.092381712
1.035601134
1.143004314
1.125333844
1.063305074
1.066936250
1.144907177
1.149015962
1.117386402
1.151044163
1.166564973
1.142145765
1.072759390
1.053376055
1.138835129
1.068651937
1.062177322
1.144636379
1.076609952
1.127547771
0.949645624
1.036256323
1.017700470
1.095738366
1.066253993
1.154614351
1.122567749
1.097808236
1.128400834
1.115840404
1.092253316
1.063038998
1.005688668
1.088614422
1.030260955
0.899840388
1.082482748
1.080742715
1.061802682
1.071885288
1.081740617
1.044336630
1.083585660
1.036178087
1.186222348
1.076931865
0.971487455
1.075492843
1.131950373
1.085402257
1.114595521
1.089715829
1.075162254
1.092671591
1.034753255
1.099685745
1.080951418
1.090432699
1.018810341
1.075303795
1.126610035
1.051793442
1.153798016
0.898238523
1.104225021
1.044874141
1.153273518
1.071621879
0.972860538
1.061382578
1.034730161
1.061842580
1.037525591
1.030412120
1.093379977
1.033944192
1.093727102
1.065943245
1.134932547
1.110279520
1.073189201
1.082304893
1.143867534
1.122559208
1.068894297
1.069082244
1.031736433
1.130917175
1.030159019
1.082277598
1.040700661
1.053439510
1.093167891
1.164184363
1.069474476
1.076579897
1.059282220
1.049141184
1.150112922
0.989796349
1.138322323
1.057371803
1.090513832
1.056448616
1.095299926
1.016092964
1.091420044
1.042301704
1.102908635
1.033315764
1.144097886
1.168644036
1.072580564
0.901293013
1.076818883
1.003289172
1.008432098
1.024225682
1.067136927
1.034770450
1.083833986
1.003734228
1.062329595
1.088038786
1.054740273
1.144047145
1.032776856
1.110593560
1.133000972
1.030681776
1.032269109
1.118282896
1.131551884
1.050009774
1.046554112
0.985591865
1.062648893
1.162066748
0.985271561
1.033432786
1.001774290
1.108755186
1.173544112
1.091327654
1.099675104
1.039268995
1.094109767
1.032763510
1.033971824
1.029390721
1.061204965
1.019277445
1.154061368
1.034544786
1.115912190
1.064707380
1.013646942
1.096908766
1.068540897
1.034098105
0.903424759
0.927277888
1.123433238
1.063557020
1.070473212
1.153047082
1.048763021
1.088447181
1.027266471
1.002561369
1.034228147
1.092218285
1.073434495
0.948431734
0.898697116
1.088914501
1.032951124
1.114771555
1.098795348
1.082946742
1.039165711
1.066563260
1.051897586
1.126208814
1.078418199
1.151688668
1.121994140
0.994695033
0.997809734
1.073178322
1.100994897
0.993951827
1.085589136
1.149078172
1.069589935
1.108760093
1.030947426
1.116654523
1.136521107
1.116768194
1.120619790
1.074361500
1.080290696
1.129087551
0.975641249
1.093049094
1.057591884
1.105564991
1.057925706
1.035400159
1.093176860
1.078288281
0.902382285
1.038841885
1.051871782
1.036495470
1.148300120
1.062547989
1.033291046
1.138075698
1.097554834
1.119524356
1.089705757
1.089931268
1.076623221
1.160240378
0.987699417
1.088896142
1.096788610
1.044974627
1.063566208
1.086299735
1.089626451
1.093171795
1.077756193
1.120956762
1.059658578
1.094729416
1.157833342
1.153511245
1.036578188
1.080359571
1.154265459
1.192882848
1.071754662
1.120647905
1.045787013
1.136565825
1.068624384
1.055804446
1.132339888
1.036629350
1.118857063
0.984127026
1.075088179
1.074303888
1.156932436
1.154306636
1.081876557
1.108230983
0.972303774
1.165031149
1.000582323
1.022093685
1.052616000
1.030273292
1.045633915
1.031725250
1.091682574
1.139348216
1.160335548
1.012951407
1.061102537
1.126906511
1.027631017
1.097812605
1.082165540
1.064736131
1.053459216
1.105842229
1.061719606
1.074525764
1.041072176
1.043406901
1.061551772
1.150584230
1.020395936
1.139751046
1.018036443
1.060385852
1.018688979
1.083352718
1.057765452
1.084924245
1.001888956
1.037214297
1.053174981
1.084161649
1.070185390
1.140405715
1.135990170
1.119407431
1.044821622
1.158270682
0.993566987
1.106891381
1.037158105
1.057154113
1.034437713
1.089452441
1.113757638
1.069384785
1.066045537
1.113938855
1.029437250
1.075409870
1.054929459
1.153470956
0.977570457
0.944418782
1.111529401
1.028666288
1.107581661
1.116318840
1.028105689
1.091214013
1.045825099
1.096786443
0.961867720
1.100585493
1.063512058
1.050372931
1.061147802
1.038780138
1.032409830
1.156977851
1.095548798
1.088438712
1.018416645
1.092277983
1.101044287
1.079950724
1.083025141
1.089568860
1.153571471
1.031677923
1.049856966
1.036190083
1.080243007
0.996936819
1.117486983
1.098975970
0.942600920
1.086479460
1.084473989
0.952976725
1.104225108
1.111429318
1.038328793
1.029964740
1.033705632
1.070027574
1.047021943
1.115824256
1.049048219
1.044639851
0.993387522
1.128857679
1.157789578
1.010662307
1.097321548
1.113487544
1.092515844
1.089577511
1.128892499
1.042377828
1.034041101
1.154004133
1.092946689
1.084472424
1.094828027
1.010999584
1.100543635
1.096919378
1.106737398
0.984688341
1.095658913
1.023332964
1.080762254
1.073417058
1.149131931
1.035669650
1.102934168
1.050303428
1.155472655
1.055372250
1.036652716
1.112649077
1.034671766
1.063825777
1.033083892
1.119115233
1.094226938
1.125525418
1.017864936
1.031674443
1.070252803
1.038717782
0.999188723
0.941267417
1.015441373
0.967358556
1.089503052
1.064603233
1.123546923
1.020664649
1.107933840
1.030514975
1.078270904
1.159334808
1.096793635
1.084106358
1.158695475
1.090131218
1.110153170
1.132574246
1.031587283
1.026494053
1.114879355
1.166593588
1.150483147
1.128339009
1.154819412
1.017366722
1.042973067
1.007129336
1.094474127
1.034029131
1.081759317
1.033357272
1.080996702
1.077044917
1.191742113
0.983596840
1.090035004
1.087631531
1.063529124
1.072125017
1.133911369
1.100211166
1.034149919
1.016052907
1.049769489
1.067812018
1.155768428
1.007787392
1.114136904
1.067784501
1.144407685
1.037159448
1.031710106
1.126242146
1.103995272
1.035283346
1.127598908
1.039511934
1.147475737
1.060162744
1.156866054
1.053904678
1.032421647
1.069187351
1.073927612
1.140524908
1.051035102
1.095652102
1.071184324
1.058744043
0.936968386
1.153938325
1.077156785
1.142333761
1.057668852
1.085517629
1.127782565
1.126800542
1.108893782
1.093251465
1.092823271
1.027529272
1.124513129
1.049510603
1.041348343
1.059801934
0.970281123
1.151176351
1.008270754
1.090782135
1.037317504
1.019844792
1.140214529
1.082222085
1.087509001
1.096247148
1.035916550
1.113106481
0.973248031
0.935937936
1.075083804
1.119078902
1.120538096
1.080838953
1.136448816
1.066144029
1.029467000
1.134208147
1.064107987
1.127869094
1.057337919
1.086855633
1.109553722
1.029974370
1.057462572
1.037022085
1.006354747
1.120878115
1.036323389
1.111254108
1.057649448
1.156213621
1.109753589
1.044665060
1.085259095
1.029026181
1.135030752
1.127663962
1.072052985
1.097318882
1.060199276
1.141027229
1.120557968
1.077530709
1.077343145
1.030029473
1.038148147
1.121329313
1.029797600
1.096258833
1.062883077
1.070650956
1.022354712
1.023048910
1.030798638
0.998522571
1.015260275
1.067621344
1.089538131
1.083695067
1.118121486
1.034627251
1.033705260
1.122335936
1.117416219
1.012004580
1.051576825
1.067256820
1.090819856
0.978151353
1.099931795
1.037415264
1.002981888
1.040511320
0.953991209
1.036849980
1.081917460
1.158502494
1.040911535
1.031509664
1.010334663
0.979270145
1.097901102
1.095886653
1.130841286
1.147579252
1.034275278
1.090716724
1.030334885
1.145746308
1.066823100
1.084954444
1.138408674
1.141842948
1.090156823
1.042722607
1.956448595
2.064424787
2.067432052
2.169177111
2.113293077
2.158470349
1.945821839
1.981965307
1.849290708
1.932459957
1.952908724
2.066605606
2.087052793
2.148305883
1.933472689
2.070242192
1.978201133
1.981492694
2.147701547
2.099724067
2.054783755
1.924279734
1.927945077
1.920331381
2.027435060
1.938557057
1.995292167
1.933877485
2.065574844
1.819266009
1.951976048
1.882968116
1.917748127
1.898274243
1.901535695
1.931807172
1.930024763
1.988933486
1.912672410
1.918030175
1.928477032
2.119246376
1.938419881
1.990972587
1.960645064
1.931697886
1.919829221
1.943780936
1.933733559
1.919641745
1.953902388
1.902472203
2.063793157
2.075341764
2.096427925
2.030466629
1.962235116
2.053444831
1.973876551
2.013475739
2.081421274
1.860332087
1.923782875
1.926200969
1.954189131
1.929635081
1.918927314
1.931070188
1.975100052
1.927117350
1.898115284
1.970669014
2.009367491
2.197803112
2.120394952
2.060521341
2.069192702
2.144674757
2.138180155
2.096113810
2.096776031
2.129768223
2.040875005
2.118627719
2.091546316
2.143664308
2.064559944
1.936686553
2.072450616
2.075607277
2.216413476
2.105132828
2.158006770
2.063673071
2.070629036
2.066612098
1.907841970
1.949942282
1.871961545
1.965024368
1.919610464
2.003624767
1.921780395
1.924625900
2.126018590
2.057171428
2.143207924
2.090460757
2.107445611
2.060315594
2.087603301
2.107452954
2.106396785
2.064593013
2.180257702
2.119645014
1.922119763
1.925200942
1.784479028
2.067946866
2.086463203
2.130485636
2.068340180
2.083591150
2.030996844
1.862346815
2.075650496
2.062206533
2.123633998
2.137169392
2.123646917
2.136482944
2.097124249
2.122844028
2.139848822
2.126914872
2.092532333
2.152007382
1.869961236
1.922355529
2.003909634
2.022221714
2.172329085
2.010713294
2.029690099
1.806702103
2.132689345
2.067019828
1.990269112
1.975009648
1.909418734
1.954428056
2.049960347
2.159028901
2.173358432
2.127813521
2.083384402
2.213524528
1.891191192
1.939403218
1.942680759
1.932196321
1.921527124
1.998290064
1.858954623
2.061186662
2.090224837
2.152758076
2.113223118
2.090446516
2.192052734
2.114625234
1.905876775
1.863472866
2.079893596
2.095389764
2.069468218
2.097411447
2.026193284
1.958300064
1.881477179
1.923161188
1.849304634
1.946496677
1.952958538
1.827502301
1.937070471
1.924044796
1.929905443
2.108854913
2.075852583
1.974226157
1.988697398
1.972306413
1.999173752
1.968924218
1.917479693
1.972015776
1.966912650
1.874537942
1.954017738
1.946414894
1.856625320
1.848695037
2.054232432
2.073384893
2.168373342
2.054776686
2.119199447
1.920136063
1.924743762
1.966542625
1.871389206
1.899716527
1.927227041
2.102965499
2.007681452
2.034177812
2.015551736
2.097742054
2.081215518
2.043794811
2.053426661
1.937185583
1.922358155
1.947386630
2.074679417
2.013015819
1.942889312
1.942582332
1.930890693
1.888521549
1.918498040
1.930439636
1.890991451
1.917357470
1.815092229
1.962912155
2.205953780
1.875269708
1.916392382
1.922742715
2.054914757
2.064625583
2.079879571
1.914801505
1.962501032
1.935974810
2.100215618
1.851738504
1.926076534
1.931025083
1.951614087
1.711542169
1.830051853
1.998253167
2.054139079
2.120574760
2.096321386
2.097287177
2.083427157
2.186751383
2.086601030
1.961286703
2.084930072
2.150300432
2.144258315
2.137973929
2.130447558
2.069982681
1.996736274
2.144532904
1.943976924
1.891388313
1.915733224
1.928980147
1.906388627
1.934182226
1.965033092
1.937454987
1.922640686
1.970867333
2.101654740
2.110699941
2.219235132
2.097780149
2.141053936
2.173942529
2.078518551
2.144785325
2.058079453
2.014182552
1.967312335
1.907460513
2.072447293
1.976542170
1.937329703
1.942926649
2.199288624
1.981095250
1.959266803
1.928191160
2.079590317
2.075601044
2.082229437
2.111297199
1.930971666
1.917986066
1.934383746
1.883477524
1.973864780
2.052098286
2.125821154
2.055189884
2.097377911
1.934103525
1.978868489
1.968955175
2.000875177
1.890042006
2.010377051
1.923348474
1.936037617
2.008775454
1.996154661
1.928280505
1.916991046
1.961337519
1.929681944
1.876908905
2.106425201
2.044203275
2.032862865
2.128222908
1.855987955
1.985435303
1.896005117
2.042656503
2.167767200
2.070759017
2.069074971
2.040486590
1.932866827
1.936955295
1.927566409
1.984510039
1.848009764
1.926841468
1.929810229
1.935177430
2.074062660
2.101765910
2.160605477
2.031971884
1.922790098
2.071049432
2.100371568
2.038927288
1.966980521
1.924590746
1.935721344
2.012851513
2.106584219
2.046107106
2.136056165
2.153826514
2.072914874
2.035175373
2.097937165
2.105235503
1.978954391
1.944779683
1.898216207
1.949532076
1.921733067
1.916412687
1.721284978
1.917179095
1.958639091
1.901396149
1.925169067
1.928286739
1.908934159
2.032655977
1.988512802
2.092419033
2.142097831
2.131577128
2.162588958
2.115190541
2.069383406
2.137542013
2.145094598
2.091582742
2.069491641
2.080511879
1.953951218
1.874133881
1.961646920
1.931245294
2.032869459
1.836521782
1.936809269
1.982930186
2.088382356
2.022157695
2.100562498
2.149013133
2.019322278
1.956778164
1.936103025
1.948938978
1.925952819
1.971719967
1.896430324
1.933414805
1.928735929
1.925029856
1.955125533
2.011452987
2.073667299
1.966316142
1.960299192
1.938449349
1.926424376
1.820564373
1.922751942
1.968021528
1.979327475
2.086864933
1.954175715
1.895073469
2.004710625
1.909296150
1.957666166
1.944201250
1.656041577
1.928060452
1.946837326
1.948997004
1.890444371
1.955496077
1.949626191
1.928198011
1.928670309
1.980173558
1.881398690
1.835662037
1.949255290
1.929057962
1.923312336
1.950271657
2.022766600
2.023172087
1.833281313
2.072972714
2.032451042
2.060300253
1.900628057
1.924860915
1.917875132
1.993628611
1.957183967
1.958302241
1.970406521
1.953955552
2.007331342
1.990289793
2.160691076
2.101656076
2.120104669
2.098125261
2.073482011
2.087434334
2.147478611
2.112428886
1.834077683
2.027989899
1.976765437
1.999347004
2.076648109
2.156166828
2.004297858
1.986590182
2.054217528
2.012262524
1.965272020
1.986115616
1.804288806
1.920180801
1.926363518
1.902362270
1.970165268
1.923950586
1.904082566
1.933315741
1.939214492
1.938448701
2.104245015
2.158264984
2.115237168
2.188620790
2.199311851
2.024363505
1.967643999
2.094686609
2.104904324
2.108398462
2.077254135
2.008524797
2.067140209
2.147260670
2.126842239
1.973656266
1.876883788
1.925356161
1.930751989
1.948002370
2.120184372
2.013436296
1.921813650
1.912813495
1.714577924
1.917082711
1.915409135
1.962766305
2.021843409
2.026928488
1.894395799
1.928078596
1.920642559
1.814615471
1.918776852
1.903231307
1.937739405
2.093631769
2.153174677
2.029298683
2.085911836
2.096719688
1.870265138
1.848529407
1.947693223
1.899690753
1.977327720
1.982501921
1.894170761
1.920856240
2.009311792
1.879948408
1.957060310
1.946931721
2.017351681
1.926941679
1.918736243
1.772633730
1.921967466
1.924791897
2.037459710
1.963205039
1.840208760
1.896866269
2.081376450
2.074133489
2.066274312
2.095441686
2.182948229
1.922214544
2.036932997
1.927886805
2.002477965
1.905060311
1.878094551
1.993823046
1.955932250
1.925530602
1.921459964
1.921185572
1.926529625
1.879426952
1.833745750
1.978057404
1.918957307
1.925338619
1.956434797
1.944838547
1.967388968
1.923403928
1.919623892
1.951076572
1.942734554
1.856587302
1.975264503
1.918798794
1.948153061
1.900351749
1.989947620
1.786479464
1.918320010
1.918983165
1.895416378
1.889706302
2.105658476
2.053469877
2.077771205
2.088203734
2.149195291
1.979800658
1.866049824
1.863629718
1.926215642
1.970088355
1.932865674
1.930916178
1.994045555
2.160411962
2.111846059
1.887646392
2.060247283
2.144454804
2.169553716
2.116968925
2.060214171
2.068127891
2.057183341
2.062313953
2.024724885
2.052750060
2.022390931
2.001235875
2.173590974
2.000240620
2.092386850
2.065665516
2.058504561
2.151588415
2.115773712
2.063992984
1.893271263
2.122384328
2.066941790
1.827856379
2.009915824
1.929136313
2.070028604
2.154437562
2.080539816
2.165604585
2.121737488
2.049820339
1.954470867
1.913738005
1.820131757
1.926221897
2.082267046
2.149532102
1.979742135
2.091125046
2.031267428
1.975847736
2.069243406
2.075715587
2.198628462
1.939788873
2.093956447
1.896894900
1.652588359
2.172757117
2.125788459
2.072680948
2.066186432
2.121136266
1.935895487
1.884298239
1.909729305
2.137818065
2.093270827
1.985145336
2.113023810
1.978717050
2.059593770
2.069642325
2.071599686
2.068700736
2.137318368
2.081144291
1.957670232
1.988180853
1.942176815
1.995290963
2.053917411
2.064962460
2.073161837
2.035219191
2.034113459
1.905115535
1.805162426
1.883894693
2.028739083
2.013441408
1.982867284
1.929633726
1.951891677
1.965559170
1.897836565
1.971072857
2.093574865
2.168517720
2.125512464
2.094268308
1.921168003
1.959000910
1.900453861
1.940221434
1.938170992
1.984086236
1.853621668
1.740800916
1.933774958
1.979734364
1.932946946
1.928150369
2.005704090
1.921425075
2.004858282
1.984250043
2.108531528
2.124902219
1.965423750
1.953040322
1.922590136
1.886747982
2.092078933
2.003420368
1.932647309
1.970964325
1.991026934
1.990084715
1.887884990
2.013484045
2.054937367
1.898176305
2.076293692
2.077674493
1.963412430
2.002976738
2.145446662
1.882539481
2.097550097
2.073193462
2.064602778
2.163016095
2.153996897
2.071873926
2.110649389
2.029640350
1.939114638
1.921410337
1.921299641
1.960434123
1.944594932
2.003580386
1.917424687
1.956192151
1.895439814
1.894454332
1.934482097
1.921916825
1.799227534
1.942131941
1.836962547
2.077730542
2.105453757
2.114356043
2.060646523
1.939595375
1.971628950
2.067172873
1.934304746
1.955270442
1.820526039
1.892056839
1.937566945
1.899422988
1.964986352
1.816822284
2.059909117
1.925569603
1.919921400
1.927660466
1.920366024
1.976851851
1.983979952
1.942655443
2.152126858
2.132351985
2.151820195
2.147473285
2.011592774
1.825468395
1.938186405
1.867655684
1.912003515
2.108657692
1.909051484
2.075703068
1.933765558
2.065899688
2.150445448
2.069385669
2.051171458
2.176236673
2.143680223
1.924391932
2.087910530
2.119522067
2.071059124
2.120485739
2.047603627
2.014794778
1.951183829
1.962202661
2.172049759
2.071599110
2.079425270
2.014620140
2.101267229
2.099523948
2.062935570
2.127202248
2.176050953
2.126640648
2.015914725
2.125875172
2.028190467
2.188870963
2.166297238
2.196110016
2.014138755
2.007876849
1.981294316
1.915381027
1.899325462
1.911742080
2.041163856
2.063099688
1.967301984
1.910534847
1.973085621
1.878105274
1.939919675
1.921233293
1.924616298
1.910569853
2.008567126
1.942213734
2.065471810
1.652748406
1.923372635
1.931416435
1.920781742
2.023291547
1.912830753
1.929686266
2.061504468
2.177543211
2.202704215
1.986709742
1.945936250
1.923546869
1.981385174
2.100735178
1.953597844
1.878240444
1.794228925
2.091572671
1.905812240
1.940488207
2.063678243
2.013592695
1.928724100
1.899155248
1.929944854
1.922103491
1.923952233
1.996105439
1.936914532
1.953776629
1.902852568
1.934357885
1.924711295
1.883146708
2.012072827
2.107090630
2.104963868
1.931409256
1.751173755
1.815322775
1.966200836
1.982690180
1.795382686
1.931760719
1.921933424
1.997268613
1.931282754
1.938217231
1.953279242
1.956234883
2.108837997
2.053135622
1.687992218
1.884413064
2.136144854
1.961193074
1.891961848
1.884319405
1.814731177
1.954509432
1.950488899
1.930831211
2.005577894
1.927846016
1.822155932
1.934992365
1.898697101
1.926250462
2.007385144
1.938214376
1.978519622
2.208212592
2.118860333
1.903488168
2.000052741
2.114984622
2.108666617
2.109120030
1.927962773
1.784470302
1.956987150
2.112484775
2.114442557
1.946746706
2.054362821
2.053166129
1.947205435
1.879147446
1.864368283
1.969000216
1.878384831
1.643385293
1.955197166
1.896976557
1.955158485
1.984250262
1.880448530
1.984103055
1.821388203
1.930952444
1.909956299
2.040950129
2.207593160
2.179869833
2.080111515
2.075732313
2.097337237
2.003780024
1.994981420
1.993525807
2.058389595
1.921574245
1.982578231
1.961041074
1.870657526
1.970028027
1.930870053
1.901673945
1.899980465
1.953753975
1.880833709
1.922109672
1.960863996
1.953246348
2.065550483
2.145148581
2.121773126
2.075177121
2.093174672
2.068925952
2.032494602
2.183972973
2.144679009
2.077995863
2.122857355
2.145245243
2.064257664
2.147472462
2.121107062
2.154257483
1.935592467
2.019003431
9.573514490
9.169039907
8.888065294
9.722943869
9.177017420
9.574938607
9.459500002
9.446170688
9.475038997
9.560317029
9.499539311
9.536328302
9.527253517
9.390945181
9.511163055
9.481322548
9.658847195
9.563741864
8.632078816
9.586134320
9.319433606
9.410074091
9.085658171
9.448252070
9.608100197
10.162588842
9.435198177
8.971403889
9.617062108
9.515144966
9.486765516
9.559066696
9.489084637
9.754740609
9.124539289
9.542768514
8.746258636
9.369595987
9.457741400
9.505168230
9.377971015
9.032455281
9.102100689
9.160946679
9.500283412
9.025514136
9.504742900
9.623456967
8.567701899
9.378978535
9.405735271
9.299306399
9.479864841
9.599101727
9.060890022
9.368578619
9.441252511
9.598010784
9.588122484
9.380151475
9.489856799
9.400180933
9.474637031
9.459665402
9.597452797
9.552118553
9.579800731
8.809317217
9.247581446
9.445667475
9.501253080
9.361346176
9.490612285
8.681493851
9.513873964
9.487456177
8.883884475
9.362618026
8.301111902
9.360687456
9.522599920
9.425876127
9.256295854
9.413707072
9.444378885
9.087519623
9.387961811
9.411704482
9.231828895
9.688484284
9.501252023
9.105519720
8.975393489
9.571717462
9.337232466
9.535969261
9.548432316
9.382641741
9.389214465
9.618831068
9.277788956
9.721359223
9.461800803
9.597500129
9.492557907
9.304962505
9.343735009
9.356715903
9.107075224
9.360016062
9.661806434
9.458184520
9.439743168
9.401442572
9.563240107
9.430315095
9.228134757
9.464397678
9.520077960
9.533140507
8.594063810
9.355340508
9.542538029
9.385143225
9.545109681
9.572907819
9.403148570
9.592681392
9.502372774
9.585029588
9.351214230
9.197508283
9.528443251
9.353684753
9.348124599
8.712693811
9.513988313
9.186043641
9.472605581
9.357438091
9.505387756
8.964277565
9.217394204
8.940411239
9.039446931
9.510695965
9.327490536
9.564539491
9.553635036
9.488081740
9.589010902
9.390875031
9.384687006
8.958648093
8.336827011
9.488746452
9.028977387
9.528164777
9.479702818
9.457451663
9.447448124
9.566194552
9.227699027
9.418264491
8.996315795
9.613758683
9.702924298
9.443824240
9.609118037
9.559072838
9.476015801
9.353397526
9.470180185
9.501766359
9.479496677
9.355017133
9.519828421
9.564148187
8.732898273
9.487534547
9.023837942
8.791819293
9.055527248
9.533837307
9.392337076
9.508507563
9.364428797
9.465972060
9.127264679
9.414143364
9.344047018
9.371430318
9.340319495
9.587616340
9.479739528
9.171879762
9.227765099
8.435475597
9.340577023
9.194964031
9.432690745
9.412726607
9.406828839
9.405448418
9.520073245
9.455475668
9.441591461
8.997801400
9.022118706
9.212229668
9.530571368
9.686198507
9.526472606
8.894218402
9.456332280
9.121002542
9.469732789
9.582456175
9.371564074
9.281487679
9.199845003
9.178513786
9.657117570
9.595688228
9.440430452
9.444184709
9.488051019
9.468422945
9.459996777
9.200475440
9.482814380
9.339589715
9.631317220
9.294592663
9.553334710
9.538262357
9.350112285
9.453935868
8.913248382
9.591448968
9.264884381
9.474966647
9.448967199
9.317929242
9.096891124
9.589830137
9.222054495
9.497023210
9.506896438
9.540229046
9.254806479
9.509638923
9.240144153
9.410344007
9.296353900
9.471928751
9.398406459
9.450603280
9.092275952
9.461804444
9.568300498
9.445611040
9.316415394
9.474672813
9.582810171
9.542367566
8.786890631
9.294462365
9.214586363
9.406619985
9.628986656
9.410574167
9.485554478
9.336539943
9.680444715
9.473382067
9.408051437
9.569822180
9.329156103
9.414106787
8.365742489
9.611596076
9.172069495
9.487415312
8.958597661
9.546356450
8.657223534
9.539041110
9.326468800
9.443419497
9.174243506
9.306752156
9.501486015
9.224755971
9.242571197
9.518554659
9.266698063
9.451989028
9.237546647
9.541387462
9.461436576
9.296792451
9.418248502
9.401791797
9.494426069
9.278199813
9.402871916
9.408477232
9.369020870
9.526880657
9.344385623
9.480054967
9.617460142
9.349983590
9.549647837
9.491483279
9.578014887
9.515971210
9.312546939
9.464359752
9.331699929
9.508692635
9.396787129
9.421968758
9.335785046
9.329273904
9.536026853
9.472437407
9.406109881
9.360491664
8.925476576
9.317453007
9.450079276
9.296520590
9.201747391
9.239995855
9.279988742
9.538950842
9.499732481
9.501236782
9.278099357
9.433923233
9.258615526
9.402213748
9.321107434
9.526452755
9.483703574
9.430792194
9.054051547
9.633087844
9.335610962
8.882464567
9.455341841
9.403289007
9.538186154
9.056036582
8.864830947
9.262065628
9.500914346
9.272016808
8.743209249
9.255440538
9.218296525
9.588762886
9.428293185
9.443346299
9.655696345
9.647281729
9.052647595
9.408019821
9.245930219
9.362425000
9.468088655
9.216663838
9.318928272
9.394931364
9.518480991
9.425434461
9.429537734
9.484375136
8.571227605
8.970510287
9.431147303
9.388916282
9.549175784
9.605700030
9.369581090
9.609481859
8.812668832
9.106615515
9.471585108
9.509352004
9.525866025
9.543108188
9.231844927
9.188356518
9.204282915
9.502214969
9.714870972
9.458991234
9.463409954
9.487794292
9.033394497
9.405023376
9.460913867
9.153071335
8.955179361
9.334618433
9.367925908
9.556954600
9.323094800
9.278390279
9.401789149
9.422548079
9.389156659
8.530880781
8.896594937
9.293668160
9.536388589
9.476578649
8.845407169
9.378791029
9.540636271
9.344149295
9.415609105
9.451164334
9.427478292
9.549585540
9.498200391
8.859557519
9.447917777
9.499730357
9.642989666
9.526280343
9.248319097
9.461461605
9.421837327
9.089900065
9.659133836
9.520220936
8.507125334
9.419130109
9.646530560
9.585099766
8.495237379
9.402471087
9.410067509
9.520157350
9.598154615
9.278759505
9.588788158
9.749861030
9.219579959
9.474453373
9.555235049
9.523794093
9.687883558
9.170749327
9.440822536
9.716726195
9.068806291
9.229879974
9.505252907
9.531078268
9.354418338
9.477698173
9.588535395
9.474614152
9.478467758
9.497608435
9.372879237
9.610151550
9.540040468
9.622882504
9.409876680
9.334437752
9.451821907
9.096596615
9.419336072
9.409039922
9.635528653
9.408458286
9.613212774
9.332477492
9.447709289
9.424261387
9.520540962
9.469865982
8.975749644
9.370401164
9.480332965
9.363790767
8.985308881
8.948878210
9.339792774
9.196594453
9.455923521
9.471924350
8.513545938
9.439307510
9.473155731
9.453509025
9.486715854
9.054022531
9.115613465
9.513631585
9.270867599
9.544063907
9.582869939
9.521066458
9.407126358
9.141891255
9.679270477
9.585596864
9.414152377
9.379697161
9.458654968
9.343625368
9.419227706
8.950736317
9.561409088
9.522917608
9.591626426
9.565998473
9.274126105
9.478643584
9.426603692
8.860920586
9.445158425
9.407745929
9.569969152
9.439732485
9.446187352
9.350073811
9.512349713
9.478826497
9.413955269
9.511123936
9.465299353
9.620388180
9.511761405
9.031806624
9.257508026
8.718849069
9.443946357
9.394061391
9.489987039
9.352466457
9.574672009
8.959981602
9.417111502
9.593967242
9.464140568
9.385549806
9.344259859
9.451118323
9.553960347
9.585225500
9.180909440
9.491717328
9.432114284
8.856307689
8.963672832
9.374640602
9.366649889
8.566812962
9.481578221
9.396331887
9.479115997
9.403811628
8.825506157
9.449893846
9.081974953
9.545690467
9.402914417
9.658345772
9.607528915
9.309724341
9.627675545
9.549283236
9.450721411
9.362410737
8.896784802
8.901714207
9.540341227
9.458886665
9.511354853
9.520674406
9.173213368
9.450184255
9.178737643
9.318254995
9.395620126
9.456829762
9.261044680
9.444696295
9.444478231
8.824863347
9.550648215
9.294598263
9.158270660
9.510904368
9.459552585
9.333399784
9.177818968
9.373630951
9.656670080
9.435574303
9.340039437
9.568117810
9.339926249
9.623999285
9.421277104
9.456263346
9.498675529
9.356264284
9.400964515
9.426747492
9.156531168
8.537419834
9.348872615
9.366668382
9.428199450
9.583138676
9.351800653
9.543117898
9.464926861
8.979078114
8.303407521
9.590399326
9.596362174
9.340040471
9.251820667
9.560508142
9.537106001
9.459613914
9.482743973
9.495027669
9.219914041
9.254252092
9.260891108
9.646286387
9.565144902
9.674177452
9.340010920
9.450641807
9.009625192
9.391581866
9.189338387
9.498584830
9.317711440
9.533283307
9.435251589
9.631625245
9.661907774
9.499872391
9.455819014
9.626572150
8.924009707
9.144977372
9.193496943
9.494889272
8.752086502
9.397161102
9.417537506
9.508881928
9.427696930
9.273810866
9.598487337
9.461905162
9.409041239
9.521367298
9.670973857
9.476811914
9.451938212
9.461009499
9.205509590
9.047210909
9.392314121
8.739391813
9.370635686
9.164630289
9.524017519
9.102648748
9.538203093
9.459672875
9.524816213
8.998585776
9.406006901
9.490065437
9.541152889
9.465319972
9.365321136
9.470946652
9.515245778
9.580306872
9.129886461
9.395910209
9.475256866
9.546341677
9.486487235
9.422088534
9.458764113
9.263052609
9.456829144
9.405277321
9.462572292
9.374982990
9.533904243
9.553715875
8.991909158
9.232125318
9.528099738
9.475388062
9.276513050
9.485186106
9.232718888
9.613241065
9.357682393
8.525184777
9.373558622
9.402013394
9.580326462
9.425665406
9.475410235
9.162282381
9.268560602
9.489141894
9.545102868
9.487772686
9.411502460
9.625364185
9.487449417
9.474694945
9.444911621
9.550825185
9.639542165
9.435956875
8.933042320
9.409667989
9.390973371
9.609185211
9.199930402
9.116564877
9.598523206
9.518595543
9.211261631
8.932842780
9.533857464
9.116814316
9.313748277
9.361178209
9.249724176
9.581667028
9.383107694
9.491964300
9.500382659
9.447098252
9.645246344
9.555115126
9.504064543
9.457391572
9.603188881
9.650278172
9.505117432
9.632523764
9.432450580
9.500055478
9.625576111
9.398790830
9.389993450
9.605731120
9.407505908
9.586631663
9.327082720
9.555290685
9.419195168
9.409614582
9.477006265
9.532891470
9.437785098
9.578176443
9.448399619
9.544001951
9.485466873
9.565608581
9.652210448
9.403569724
9.006945885
9.528857693
9.194757164
9.523296687
9.263631687
9.429057586
9.459758275
9.174342484
9.481808766
9.567465498
9.553387247
9.321989605
9.501304065
9.629711347
9.537933581
9.549392606
9.425141379
9.573315143
9.203188106
9.572028174
9.232999231
9.531849115
9.321902178
9.302491399
9.326905363
9.480875633
9.514678182
9.511036311
9.625441646
9.491936245
9.269732557
9.623883505
9.080478890
9.448157503
9.542293417
9.601126092
9.153286263
9.568020197
9.502426670
9.598195567
9.525869726
9.083616844
9.458692967
9.588134830
9.273119897
9.371164124
9.177318505
9.500913100
8.949129537
9.421884666
9.380701566
9.411759435
9.513707872
9.591682125
9.566462989
9.504998043
9.469018718
8.831318082
9.463211040
9.217549626
9.260685367
9.597960141
9.551622651
9.518821216
9.388586778
9.539012808
9.600480290
9.498469101
8.373460663
9.319918732
8.702190028
9.399179901
9.592732077
9.206601994
9.542589628
9.493186967
9.386612982
9.576170759
9.494266182
9.511556874
9.629706735
9.259356679
9.466630920
9.544638543
9.262331868
9.310771725
9.565161577
9.200983087
8.891294279
9.278162706
9.530828337
9.241787023
9.334787507
9.505511584
9.029985438
9.584421683
9.025470409
9.737554780
9.484116212
9.522803312
9.434818132
9.415608065
9.661757917
9.626861449
9.580267511
9.477923181
9.490858391
9.399776186
9.336381690
9.410229891
9.441285272
9.321672440
9.492284348
9.470079742
9.291864637
9.340552512
9.202807077
9.412695352
9.437537401
9.499118049
9.442311848
9.491606976
9.430735142
9.629541898
9.389236497
9.646676984
9.247857893
9.208567435
9.012178923
9.256252371
9.605883113
9.468706746
9.411080738
9.343190142
9.374760060
9.462708858
9.524070958
9.042051058
9.038409944
9.502313321
9.145094585
9.295498626
9.426862848
9.332010846
9.266084098
9.578099785
9.584234561
9.617434757
9.541906630
9.444313217
9.649726562
9.329365244
9.366042896
9.555034990
9.592986675
9.406296673
9.465060511
9.561201292
9.503019337
9.421603965
9.470573634
9.057832635
9.551445190
9.165733714
9.183367145
9.332335837
9.192011999
9.452597861
9.451113258
9.448254488
9.162811350
9.401871064
9.217396212
9.252913624
9.502640143
9.394659970
9.453431308
9.088622480
9.504378177
9.542351012
9.476945178
9.348533943
9.415285268
9.224003497
9.352553100
9.554405122
9.168263582
8.718665259
9.342241561
8.929551022
9.205337574
9.458016011
9.487404530
9.592917199
9.504884900
9.529590429
9.111860214
9.516280247
9.450900446
9.529575815
9.401348253
9.537484567
9.303890852
9.456340716
9.372511801
9.391668104
9.440931764
9.400213850
9.450531994
9.422326869
9.541588864
9.476154247
