7.665369345
7.546022140
8.240178344
7.711438336
7.972365770
8.049374988
7.727184431
7.951964132
8.330329670
7.846680769
7.388713959
8.110103829
7.344221089
8.656669544
7.959744466
7.962216399
7.613068248
7.438858715
8.154947687
7.622121558
7.864448746
7.747330387
8.117901609
8.097039138
7.787273162
8.139634992
7.455527114
7.471056290
8.338811335
7.828356798
7.964480935
7.679270487
8.337844586
8.286410894
7.897847730
7.827705169
8.188197684
7.839972916
8.370970843
8.249012189
8.309871132
8.446638170
7.907696882
8.181098555
7.685266676
7.936892757
7.937467119
7.627472099
8.471737189
7.814271293
8.227110771
8.266204126
7.904000458
7.997781147
8.125176496
8.034440792
7.688075683
7.693852148
8.136788672
7.913941796
8.269634589
7.756561269
7.687998287
8.565876986
7.861776908
7.887517738
7.933148463
7.933392894
7.764167524
8.371347545
7.967535097
7.569096762
8.005807520
8.002950322
8.071746443
8.212913596
7.647256246
7.644949971
8.867848011
7.895817341
8.244172438
7.987677266
7.805658524
8.146733528
7.621574645
7.861725245
8.419532567
7.999295497
7.846874067
8.321914778
7.808348389
7.887612836
8.500975499
8.145705943
8.088568819
7.472849314
7.968710160
8.084835407
8.549747196
7.573793783
8.034351698
7.946738292
7.699576916
7.980193896
8.135196675
8.021884808
7.664617295
7.610847945
8.990413244
8.158985836
7.553760072
7.745141257
8.520213113
7.793334278
8.149296081
8.377226555
8.436510967
7.923274791
7.763473344
8.519258631
8.464279391
8.222067759
7.699519268
8.179865397
7.813156699
8.172642157
8.058871623
7.904363834
7.982351352
8.179239588
7.906406796
8.270981083
8.214560200
7.949389691
7.982561805
7.864227170
7.834452511
7.966890278
8.358648143
8.053948825
8.349521810
7.633701254
8.094318526
8.132055104
8.010622778
7.884469265
8.246458181
7.528472896
7.711203724
8.062183659
7.598490591
7.819127748
7.922058758
7.945834489
8.147181225
8.190278837
8.000990394
7.888744464
7.695807617
7.799416076
8.243455086
7.795984486
7.654423185
8.019413027
8.164576877
8.445171971
8.027658337
7.888576603
8.003553619
7.745778577
7.960954605
7.664915470
8.476722222
7.623169306
7.727205519
8.551805585
7.947034146
8.165847915
8.220096035
8.046447637
7.840711219
7.955256642
8.309434766
8.537780589
8.006862155
7.921515007
7.639956484
8.221637178
7.883446960
7.688992553
7.814057036
8.611767277
7.906552364
7.904721057
7.703876265
8.485641520
8.373883437
7.707465649
8.063682613
8.555020696
8.651716190
7.638369106
7.638586293
8.114033590
8.517756095
8.195850239
8.421017366
8.462190429
7.809163839
8.027540183
7.789248462
7.929507010
8.139714244
8.105489129
7.875268670
8.086183531
8.050918868
7.992749423
7.621656646
8.171782207
8.162087959
7.989530206
8.416733707
7.945436983
7.708298608
7.946745586
7.730216292
7.621806583
7.865334088
8.211779103
8.124113842
8.222147876
7.927724866
8.383151612
8.401272359
8.179118910
7.770214169
7.729874988
7.813619593
8.014810578
7.943086057
7.856985213
8.543036285
7.874906216
8.120740055
8.419083992
8.235979284
8.044320860
7.896786342
8.152686727
8.331587557
7.946006103
8.266457647
7.871882468
8.005636194
7.666152161
7.904727313
8.413359867
7.872985337
7.703006884
8.220030812
8.379723640
7.850454364
7.479948188
8.279892128
9.180569578
7.731689595
8.217252173
8.472036629
8.320781227
8.138250874
7.821854648
8.259942923
8.418803730
8.268371820
8.138307470
8.935750997
8.027679171
7.394853406
8.988510669
8.405929788
8.259053860
8.010071708
8.584926692
7.800212070
8.755659736
8.121031950
7.929004049
7.954950244
8.502730304
8.374549950
8.101126731
8.262834407
8.166373998
8.193825428
8.440736503
7.911375027
8.091505927
7.956272353
8.194804545
7.955668414
8.348039602
8.618679448
8.204512431
7.654538176
8.215451145
8.388924135
7.728134824
7.952092904
8.178467007
8.205479732
8.194635100
7.856003932
8.435232995
7.894580582
7.880438730
8.383261669
8.017184825
7.854209437
8.685926036
8.002430559
8.138795258
7.921621078
8.186936462
8.208052371
7.914712128
7.885031581
8.830420058
7.777349480
7.930162704
8.544588364
8.617815936
8.192318542
7.932735515
8.357781126
8.809509646
7.574580951
7.752915650
9.108341913
8.173482043
7.703300116
8.520554508
8.323786788
8.293383372
8.208644654
8.321063214
8.290705463
8.350166900
7.709863644
8.292287676
8.134996545
8.156139783
7.807441560
8.451719019
7.948391928
8.010657397
8.213304900
8.340718000
7.780390306
7.881998796
8.323877283
8.051476486
7.675409478
8.445686120
8.111763245
8.032819340
7.983672475
8.711449400
7.937998258
8.012711997
8.110021244
8.428872398
8.056058397
7.853076028
8.188940985
8.336644903
8.212386200
8.076625991
8.286883479
8.027783218
7.932581137
8.121813310
8.427542251
8.087505969
7.945993088
7.827163576
8.821979246
8.213925804
8.008817631
7.951209911
8.069783363
8.024797990
8.403083995
8.722080555
8.305637654
7.805603646
8.066556207
8.638616231
8.157689894
7.909729829
7.402973187
8.115465737
7.945956041
8.212928442
8.678724637
8.310859526
7.762463388
8.220825900
8.106897034
8.494808035
7.780671345
7.839263109
8.670505303
7.969281563
7.793398556
8.857402515
8.336919086
8.449632876
7.728244628
8.370242574
8.480942063
8.820421723
8.026957384
8.053975356
8.605239655
7.912729807
8.217333735
8.253202102
8.302019045
7.934338262
7.772453227
8.194112682
8.189692716
8.505672845
7.896423944
8.330112959
7.900776014
7.597553258
8.137990381
7.862417543
7.662873249
8.296159794
8.307516263
7.804173223
8.209093328
8.033822251
7.603078304
7.826526833
8.017682764
8.555744868
8.400205728
8.062386698
7.809579846
8.437040930
7.787053939
7.933434614
8.921527980
8.372191196
7.971330054
8.003176195
8.727723590
8.310999440
7.693109941
8.112021760
7.821267576
8.064304257
7.638204824
8.428957493
8.188357807
8.280321636
7.848892587
8.143612542
8.062946749
7.922054902
7.804437221
8.070934049
8.099243951
7.901964755
8.082024644
8.609640391
7.839289177
8.131870309
8.252276861
7.946272593
7.937990288
8.640547709
8.790288820
7.888814935
8.362792117
8.642164193
8.196677145
8.731690181
7.666874876
7.672796212
8.244178996
8.603361173
7.561124205
8.163356738
8.514227594
8.160990377
8.235072572
7.763278520
7.780792183
8.497897738
8.109787062
7.671395605
7.901048359
8.218720500
7.617846453
8.454520483
8.072717354
8.211302157
7.578977941
7.712696917
8.508605392
8.043122332
8.048383235
8.313705064
7.745219694
8.497118267
7.702742985
7.827155863
8.571951191
7.799238492
8.301698319
7.921896512
8.077493756
8.241887842
7.858882324
8.045201939
8.020265218
7.843305761
7.742182506
8.196694846
7.711780492
7.939146089
7.662987606
7.793889304
7.958293662
8.196387469
8.417847447
7.772395805
8.483547505
7.675561260
7.963554625
8.152413971
7.839529173
8.365758001
8.376692754
7.851692439
7.619316730
8.127085874
8.287864540
7.976660881
7.724344657
7.668185259
8.362239831
8.339131309
7.639221523
8.024021158
8.626614253
8.321660316
7.776420345
8.334561286
8.325354973
8.560632440
7.655323662
8.269458083
8.094006199
8.429649686
7.657919438
7.695333682
8.662258696
8.503715176
8.023573067
8.011041385
8.209269599
8.024468601
8.184788307
8.182126113
7.869800359
8.126935760
7.870759181
8.384169046
8.160898250
7.623630299
7.708652971
7.926071753
7.751338177
7.865113701
8.011107478
8.167441366
8.217394005
7.912971127
8.187730467
8.528497978
8.015062675
7.870343613
8.323368586
7.996667769
7.966618680
7.856382577
8.596069874
8.211812513
8.432592407
7.675736577
8.118185159
8.001473669
8.087593080
8.078753303
7.870467361
8.056934951
7.889733016
7.812610314
7.897536300
8.503150172
8.463621732
7.921322174
7.810907625
8.625539068
8.351273202
7.837099618
7.632124516
8.831649653
7.889750154
7.983505409
8.195731139
8.120392064
8.400190535
8.404011281
8.364423157
8.201448350
7.950568591
7.896459321
8.854735885
8.040938862
7.962269972
8.321417814
8.114613149
8.440906085
8.456274400
8.479678005
7.870147263
8.106112716
7.952759372
7.546580053
8.527182113
8.461179067
8.358348626
8.110540625
7.791125539
8.149813527
8.054537675
8.080147809
7.833086707
8.224883297
7.870945272
8.122153082
8.046094772
7.966350745
8.325573716
8.004478889
8.038088257
8.273062664
8.748457785
7.544959601
8.047168963
7.694807119
8.152675560
8.041310133
8.175819091
8.835812291
8.360308733
8.577959890
7.863976566
8.553133176
8.006660365
7.952357085
8.330827521
7.946199726
7.905720542
7.871403402
8.066636480
8.282307401
7.779040195
7.821944225
8.092964386
8.671953875
8.332522805
7.741618353
7.655151492
7.670397466
7.850646172
8.035569640
8.385945188
7.922143307
8.128742679
8.200328849
8.264491850
8.260741682
8.529777705
8.127999540
8.065593521
8.026244981
8.274602229
7.954119458
7.830879478
8.373633476
8.985382809
8.450537753
8.176260787
8.154482763
8.376215238
8.209302311
7.880172118
7.815205278
7.694677179
8.338729651
8.262477206
8.338158202
8.005041890
8.079435075
8.371645980
8.114828252
7.311489953
7.697890598
8.329653557
7.989090912
8.392566551
7.933775061
8.689272877
7.961918206
8.286973503
8.096524939
8.409440003
7.839442567
8.213782550
8.027339659
8.046423040
7.821012121
8.074588704
8.802177201
8.715233373
8.052734758
8.321765532
8.617573975
7.862792085
7.665055563
7.902976280
7.845844777
7.736190162
7.879212279
8.200461093
8.374472250
8.152641996
7.924297205
8.202503535
8.321191691
7.713654300
8.363686096
7.968053343
7.877766078
7.722995167
8.056357838
8.409789069
7.788221911
8.417463248
8.874919063
7.774529782
7.595945269
7.954250149
8.185923917
8.044872624
7.673018838
8.487478259
8.135052811
7.514936194
8.047101156
8.431914033
7.994199189
7.913445159
8.325816624
8.633915113
8.445633321
7.844572373
7.702876401
8.249000101
8.622758798
8.131291781
8.410149914
8.238346274
7.870690112
8.201675052
7.809978713
7.933968776
7.998795964
8.021874965
7.958535084
8.002558403
8.019449458
7.908003273
8.253617991
7.722223266
7.887730434
8.389836257
7.955933892
7.908559183
8.475481321
8.047083191
7.921095689
7.705214870
7.927136331
7.796290350
8.480191440
8.172150149
8.328802135
8.070480357
8.149180352
7.926057839
8.344529697
7.376011677
7.755632779
7.690184538
7.874845947
8.047175333
7.638627646
7.999059698
7.990299227
8.228340516
8.025842794
7.944574162
8.118057093
7.869855213
8.010455227
8.537827332
7.892023259
7.303947910
8.414703962
7.905558671
7.935709332
8.333493405
8.471599672
7.813244767
7.699694570
7.791333237
8.428843294
8.190761703
7.796660907
8.102182272
8.237735266
8.027087170
7.639809406
8.413037433
8.113597330
8.312895470
7.903386597
8.575515169
8.497785200
8.024372608
8.206230346
8.052945783
8.394516642
7.905640663
8.266785452
8.213004441
8.536884565
8.012244017
7.971265766
8.187852442
8.454549841
7.580525936
7.912872513
8.268511120
8.339334375
7.720276241
8.413902594
7.978640872
8.114036194
8.488584382
9.369275511
8.093121680
7.611671043
8.385293930
7.644847984
8.063273154
8.271764698
8.092197837
8.138839461
8.392301659
8.121084019
8.154199981
8.079283662
8.251247831
8.607816895
7.579781822
7.920093209
8.121203126
8.066046228
7.712870428
7.734540292
8.505895600
7.792030712
8.289710859
8.599017550
7.972046375
7.969909142
7.770082627
8.254793753
8.256423829
7.986430967
7.603538499
8.083898384
7.782629761
8.039487401
8.161478901
8.363462165
7.944083564
8.015770308
7.878624017
7.885926947
8.043035604
7.979311218
7.928867531
8.682953646
7.838558701
8.020696982
8.258444320
8.462389895
7.917045474
7.576307576
8.909171506
7.950963432
8.036127900
8.351782876
8.403296403
8.463363290
7.712823256
8.575737928
7.943944042
8.262067188
7.545815727
7.746886366
8.010145826
8.074436172
8.583220800
8.382017907
7.865544770
7.940931446
8.088380215
8.096752502
8.237717298
7.805426207
8.538916402
7.995941997
8.548326753
8.161780879
8.150155793
7.879901751
7.904395606
8.288935488
9.443002206
8.035278424
8.014909862
8.097958264
8.271356198
8.561967794
8.032211568
8.831078504
8.011336256
8.003308185
8.078259682
8.777125309
8.101358037
8.075335564
7.777448634
8.559661923
7.778906940
8.307073236
8.360683646
8.140660204
7.618437290
8.167133912
8.447288073
8.232346173
7.944123667
7.903119762
8.305026099
7.711444434
8.313448605
7.912054518
8.046574714
8.435439587
7.946530714
7.981181260
8.445578847
7.772892994
8.027387598
8.144518250
8.180976414
8.071454179
12.413056945
11.680095328
13.396931972
11.773734498
12.570275555
12.512592525
12.489391797
12.222533006
12.372039255
12.081836358
12.654405518
12.216843528
12.229322034
13.061395215
12.985660305
12.292765353
12.445688755
13.117253027
11.825819337
12.058377372
12.703915307
12.672677970
12.375963569
12.600108274
12.675483920
12.243879816
12.628182531
12.476713816
12.429061342
12.330712089
12.013132685
12.992294053
12.160775074
12.241930636
11.928512477
11.654304908
12.931800979
12.513731668
12.433411390
12.013405743
12.335512289
12.758611845
12.586595458
12.141299611
12.459651644
11.691720199
12.257431494
13.144561814
12.282803269
12.214559939
12.345050488
13.275893538
11.811920183
12.497654919
12.056272082
12.063040913
13.556667430
11.985132393
12.474773247
12.979920076
11.937460618
11.837200435
12.163703148
12.997836135
11.630180534
12.944723862
11.950508464
11.914831702
12.920311461
12.154547707
13.301709558
12.176237635
11.839703354
12.710337287
12.113621176
12.138247733
12.572923702
12.946294346
12.163955382
12.033083898
12.379294705
12.038508279
11.749636400
12.106214916
12.254744743
12.427362592
12.842857533
11.749310245
12.464062491
12.538153442
11.825916926
12.012254905
13.107509075
12.829349103
12.549892054
12.248285277
12.419749715
12.177379248
11.531540637
12.864269180
12.401643657
12.811062554
12.921459497
11.980763043
12.369059414
12.691537780
13.015487537
12.141002594
12.494381573
11.965634100
12.428965677
12.424187830
12.282902893
12.362279588
12.288655385
12.097739463
12.194710797
11.955780465
12.216385595
12.176693239
12.274449261
12.601592301
12.029216684
12.121688794
12.741853203
11.870926752
12.437939781
11.346260856
12.256755227
12.805968378
11.995688925
12.013521990
12.384504268
12.439058648
12.141829474
12.766977325
12.015533198
12.500437698
12.298615853
12.440197337
12.419547541
11.995776529
11.800915808
12.519248879
11.500518895
12.941574692
12.035175280
11.785158566
12.744110251
12.295179032
12.572325661
13.289286752
12.104202456
12.947513408
11.874851960
12.024506589
13.200935268
12.550159870
12.187456710
12.511121063
12.658211809
12.237493303
11.743203702
12.644066710
12.550453201
11.976504858
11.728305420
12.096318102
13.080080971
12.034021991
12.130170944
11.973003346
12.696367632
12.187970901
11.664047021
11.891673975
12.384687849
12.355491878
12.374998817
12.493354998
13.116209444
11.806215472
12.128430690
12.709672713
12.765562849
12.531864286
12.501680772
12.431309087
12.410227997
12.157081423
12.339014543
12.837333104
11.869855002
12.261419843
12.444979064
12.088535972
12.955241047
12.056223046
12.016701800
12.679701494
12.839359532
11.999866523
12.811100495
12.112041373
12.431112561
12.837201123
12.380857481
12.056415691
12.370628345
12.216611040
12.300480432
12.439490941
12.017194958
12.512344141
11.746238226
12.206298270
11.900288488
12.135379650
12.711862426
12.413342884
11.766802392
13.001829231
11.904558934
12.688409394
11.946302564
12.521527801
12.383115518
11.751669599
12.214202123
11.897929954
12.004084944
12.547254397
11.973037684
12.505453687
12.247211716
12.021808454
12.305070928
12.398286276
12.521909902
11.988567673
12.105410763
12.081402858
12.776282877
12.508633082
12.530438598
12.854909709
11.763526311
12.588320547
12.660486363
12.697108019
12.668033071
12.503538642
12.104754872
12.078112424
12.526156160
12.444815081
12.206942110
12.574197205
12.692094293
12.044091475
12.872623630
11.921760007
12.503330348
12.513532255
12.007265992
12.662827612
12.592650802
12.623177762
11.805420529
11.972300311
12.161061252
12.363207062
12.178937652
11.992095046
12.226947111
12.316745572
11.701363730
11.856777181
11.622045738
11.771646673
12.555710472
12.154576776
11.990309997
11.820986422
12.363678314
12.334371733
11.894690099
12.019066562
12.134402242
11.788092981
12.603713658
11.929594105
11.854673113
12.162605863
12.830754283
12.223106855
12.039296391
12.045607795
12.598437617
12.029402987
12.107647296
11.960987236
12.371856770
11.980941029
12.146153960
11.964283257
11.977369197
12.923557732
12.080465036
12.847138016
11.897361864
12.079613239
12.205808584
11.997193728
12.030584215
12.330998416
11.928437138
12.630021392
11.614460727
12.224592242
12.738153033
12.259431945
12.120790843
12.129029841
11.963585203
12.446844277
12.063511659
12.202423392
12.681335496
12.390378787
12.458232158
12.216647593
11.914136961
12.128688197
12.383835400
11.974451863
11.956985431
12.838901222
12.175276490
12.031985736
11.936846574
12.883119520
12.074787072
12.490497986
12.406844200
12.276399455
12.425418579
12.748260530
11.617552476
13.056834741
11.803883806
12.396669314
12.056579321
12.390074841
11.835841821
11.897470803
12.910394955
11.817945759
12.363086394
12.683579794
12.182152633
12.094084820
12.328928229
12.263337168
13.099935267
12.129764719
12.051079896
12.167503683
12.618670408
12.209438990
12.534132245
12.356277885
11.944533228
12.596598259
11.641676829
12.388466749
12.355858114
11.630187295
13.217460172
11.886017460
12.688515755
12.133470929
11.550491983
13.020345250
12.578718317
12.263184829
12.594941443
12.755726187
12.472867584
12.176602945
12.498824244
11.956309755
13.204013952
12.490809739
11.813981894
13.196333114
11.947613385
12.148826469
12.644844120
12.815934583
12.726480945
12.607833094
12.123536089
12.946861130
12.631125233
12.723841969
11.697698524
12.688694407
12.880832926
12.458489116
12.755088105
13.021530486
11.797653255
12.597457906
12.065888261
12.335981525
12.540133193
11.802952065
12.351845996
12.716033388
11.664281351
12.565524818
12.211912125
12.496819368
12.484830450
11.351060163
12.097456452
12.763682878
12.624699692
12.723528648
11.876822385
12.669781018
11.657819755
12.305949416
12.301353257
12.704596675
12.817237860
13.316727836
12.231673757
11.997359510
15.309899785
12.354026442
11.768435918
13.438894130
11.805484843
12.444380236
12.197075196
12.721334331
11.972063184
11.914522084
11.913591353
12.496750804
11.898803138
12.111769715
11.804625342
12.513371948
12.342966486
12.117934544
12.725931517
12.095195379
12.141647862
12.711142012
12.525785485
12.888668535
11.995152696
12.174844288
12.520719973
11.928440966
12.005129905
11.965032977
12.178611770
11.980161819
11.522525026
11.771580460
12.272147746
12.568177797
12.036107216
12.154890993
12.146467720
12.447837366
12.440897777
12.587563432
12.561891119
12.313682497
11.599419685
12.453163329
12.630463354
12.987229932
12.287558752
13.144994517
12.968516363
12.124432815
12.546754964
12.064880282
12.215282071
12.855031599
12.052569991
12.188917514
12.739445318
12.621801609
11.713125538
12.562614150
12.129891899
12.266734781
12.437543403
12.823161394
12.217524590
12.015976638
12.026359471
12.467002567
11.764641496
12.807585457
12.246037780
12.160697954
12.445053227
12.029627903
12.311672202
11.940804807
11.972233526
12.801012111
11.967039883
12.370915137
11.880642906
12.371413429
12.701248216
12.494989890
12.438839376
11.988316163
11.739493885
12.666228695
12.053942965
12.226530930
12.564408960
12.403427573
12.424340481
12.389613312
12.141160626
13.033120402
11.821504088
12.421963033
13.208510665
12.584891237
12.089493274
12.738631316
12.456172059
12.367450503
12.451601367
12.073352102
12.436972539
11.912288225
11.946177408
12.571454084
12.073149850
13.005721819
12.046466723
11.847133429
12.680049584
12.082297275
12.232991388
12.397845843
12.191949818
12.006570200
12.187401135
12.250874776
12.720355926
11.988107286
12.746138093
12.652315138
12.200177134
12.388818623
12.160147160
11.744920591
12.807603874
11.845373477
12.155307678
12.215760367
11.568900695
13.063910231
12.564763563
12.808208816
12.076437577
12.313941139
12.074977538
12.022805744
12.787635839
12.206860439
13.198167420
12.922305027
11.792121433
12.480508571
12.539134238
12.449826477
12.711825950
12.514734938
12.286790492
12.454366560
12.007700983
12.305806130
12.257702383
11.988642680
12.636335464
12.546451691
12.107109534
11.969010903
12.308303381
12.202127084
12.304851989
12.656887373
11.996648434
12.946634644
11.847198758
12.447946250
12.315017621
12.261625400
12.520068930
11.822940332
12.112656325
13.272888445
12.024354415
12.050668419
13.152448820
12.400220709
12.046393274
12.488930568
11.705339703
12.438705492
12.534689238
12.514135608
13.012149402
12.147654165
12.172219520
12.722771097
12.461835124
12.088760637
12.526590135
12.683720367
12.013536798
12.792569020
12.268737813
11.922103266
12.354814410
12.937344700
12.237554762
12.290752491
12.630593321
12.105356113
12.532042285
12.536454612
11.940948102
12.547309327
12.494951788
12.457919826
12.605181699
12.077841514
12.251551903
12.114285395
12.073055431
12.305036289
11.896211111
11.949981858
12.460177045
11.981541323
12.697471340
11.564093739
12.170482687
12.394359289
11.934694597
12.574882562
12.210429790
12.396765418
12.573907557
11.860135618
12.669157001
12.218556798
12.659690274
12.179535027
12.362179302
13.143136209
11.919636854
12.470630106
12.259227131
12.726601189
12.617895240
12.560146359
12.669219299
12.109930535
11.903670449
12.720614611
12.465372122
12.775939470
12.425856119
12.878002746
11.920136707
12.392295699
11.645278613
13.130441932
12.614542248
12.405672624
13.159361437
12.963164760
12.458607499
12.167794898
12.247578516
13.080238198
11.914393831
12.015332584
12.853030522
12.249796105
12.469310041
12.172650538
12.498605294
12.401891087
12.394117147
12.696789008
12.717934064
12.255396982
12.104084623
12.285815844
12.684598449
11.441451136
12.389123668
12.190323815
12.310077537
12.879779980
11.700548626
12.617716348
12.299453520
12.044562979
12.792652905
12.661673143
12.700746600
12.881160909
11.764216390
12.645579498
12.188349690
13.054906108
12.438616612
12.429998332
11.833476600
13.712367936
12.947395033
12.118750921
11.876007371
12.103415770
11.989753517
12.774495703
11.976081390
13.727061055
12.347700681
12.019249002
12.447576999
12.555564026
12.297011773
11.958309697
11.969821068
12.972415275
12.340951500
12.178418664
12.598161104
12.496415078
11.796934819
12.072148684
12.213545211
12.714505322
12.084343615
11.545069752
12.999651968
12.184869560
11.638939724
12.499358772
12.280797321
12.822981954
11.601003763
12.221852243
12.356204671
11.925501314
13.044008934
12.604081155
12.817251352
11.919652740
12.539839193
12.917390678
11.861358584
12.853745790
12.080121136
12.197046373
12.998767222
11.895766745
12.721656774
12.047874112
11.935026564
12.961432336
11.777023378
12.568056341
12.504680547
11.959173790
12.712547050
12.107224197
12.072483431
12.322126987
12.234485924
12.512849517
12.239305661
12.249964452
12.116258787
12.542567017
12.410150811
12.723379218
12.275614760
12.238296402
12.097672007
12.230241972
12.307936099
11.893878517
12.396993901
12.187815794
11.995791266
12.457279454
11.991820489
12.041792963
12.889197123
11.989010990
12.521741906
12.281320883
11.961627615
12.215826430
12.725844085
12.164618500
12.329324782
13.243565982
12.472506869
12.603669992
12.625547813
11.615062457
12.358549891
12.452423469
12.060397799
13.156527251
12.097838744
12.271228746
12.155696543
12.430486029
11.706261368
12.462540703
12.340505174
12.652155151
12.322330457
11.888740239
11.796889282
12.605332383
12.305835002
12.074868103
11.880918056
12.185264463
12.630418929
11.775098995
12.760619564
12.186995101
11.638273953
12.558992347
12.184626381
12.714804081
11.637684967
11.420910725
13.138284746
11.989010873
11.986766722
12.104638488
12.381451246
13.329505018
11.685063402
11.906551032
13.009855243
12.145913343
12.028149929
12.566318442
12.633282402
12.698130351
12.354871468
12.106253729
12.913270344
12.254378437
11.844085515
12.317435186
12.382247773
12.119588584
12.259989442
12.308948287
12.562825064
12.004119794
12.072507457
12.448663354
12.098581704
12.320709921
12.185735024
12.153570218
12.060305896
12.338272769
12.382795795
12.473629481
11.606190223
11.612657226
12.463225204
12.637705396
12.263336262
12.222573618
12.440111092
11.561891112
11.822163799
12.655915989
12.573985377
11.937260654
11.798263814
12.955611999
12.364416971
12.857341607
11.850686036
12.304465159
12.497254039
12.286516026
12.604463848
11.838411107
12.490429489
12.317067400
12.056646301
12.190669006
12.666235922
12.114636918
12.903103194
12.419019449
12.967492338
12.235464932
12.094514134
12.763021367
11.763069169
11.921831137
12.078508625
12.688953737
12.112905725
11.841962246
11.377002471
12.141870756
12.106107111
12.130798447
11.805060657
12.491531601
11.993606205
12.140774214
12.146939128
11.685698388
12.165860030
12.210659562
12.311502279
12.214933771
11.673055118
12.088364509
11.962711097
12.396708571
11.831935198
11.895885802
12.530198405
12.029714691
12.029599132
12.180389249
12.568046827
12.442126001
11.522201984
11.997911754
12.448799586
12.587791232
11.970707800
13.569045967
12.430383216
12.097847051
11.581743357
12.772970845
12.349573967
12.526920212
12.510276583
12.699592114
11.876433238
12.180168300
12.115303760
12.020442182
13.064877294
12.721720881
11.919095945
12.384944352
12.804269584
13.493280945
12.046102422
12.738902911
12.428314034
11.611533810
12.201041490
12.029855138
12.916356275
12.277144456
11.298395383
12.254398451
26.578443119
23.764763938
24.535478186
24.124147668
25.383956331
24.976080174
24.749448552
24.408243093
24.902985165
25.209750048
25.506791173
24.107197426
25.699627791
25.756758534
24.631752644
26.226149972
25.426203085
25.257765444
25.404101736
25.430640147
25.295162490
25.017841155
25.023758869
25.942026067
24.705314869
25.016514435
26.261959300
25.980032510
25.568624142
25.323165952
24.661113165
25.286936724
25.143373217
25.058290739
25.634269550
26.800633817
24.954200812
24.790025094
24.849845308
25.563408636
24.907573165
25.419460508
25.232957114
25.558110240
25.143511525
24.113753089
25.574771232
24.033803253
25.265686377
25.083913159
25.402162925
24.712452461
24.445283919
24.894811637
25.092485800
25.343059007
24.189631022
24.365638713
26.085393811
25.555266926
23.557962099
25.466280371
25.040960120
25.059451235
25.199526577
24.978497155
25.101455939
25.456957065
24.350732889
24.015942983
25.452138258
24.812929785
25.305506915
25.060275972
25.206879499
25.118360905
23.855478794
26.331796109
24.762663977
25.337502206
24.258680766
24.532336961
26.207551418
26.161874621
25.172619174
25.338090219
25.567671935
25.048482688
25.387685443
25.362137288
24.454250555
25.527498261
25.031176468
25.365147268
25.376488039
25.255822157
25.170896792
25.429048993
24.693553948
24.018847190
25.129509389
25.141104511
24.706879935
25.375592565
24.860448323
25.313211886
25.979105169
25.013603498
26.445662653
24.856766896
25.741571802
24.577058953
24.759342221
24.553383088
24.685827420
25.310949459
24.767186816
25.115182755
25.451842731
24.864171392
24.825472418
24.907011396
25.674069544
25.524673885
24.732130057
25.225106822
24.420514714
25.952029935
24.349812523
25.549805726
24.332935067
25.973938721
25.449206054
25.173366893
25.902472752
25.435388991
25.894504842
25.871604408
25.262382361
24.647214029
25.284128349
25.267093086
24.555776585
25.612942241
25.252562312
25.757431683
25.217853058
25.181058596
25.659044078
24.582458293
25.808844030
25.065200752
25.165292060
25.150505286
25.761362694
26.625893613
25.207239814
25.120234325
25.440389519
25.337607042
24.688048710
24.905406439
24.398941815
25.083789701
25.272919592
25.799894143
24.442790096
24.966436931
24.514278884
25.040653844
24.440751220
24.702108928
25.789355017
25.297954829
24.699904609
25.499259171
25.307028703
25.512444538
25.461144851
25.318979764
25.814280223
25.843244662
25.125200224
25.458172044
25.562320572
24.943871716
25.816853681
25.582088439
25.033199633
24.695793018
25.972883107
24.959712057
24.881539845
24.956195668
25.465749155
24.482827763
26.034350419
23.656366637
25.709444134
24.677509970
25.188102614
25.176976060
26.417095893
25.286391199
25.086444451
25.399123164
25.899113343
24.358341392
25.650327042
25.482226206
25.941399685
24.735637944
25.703773528
24.672287965
25.301870210
25.339919340
25.043219916
25.414558721
24.447876710
25.390366545
24.639625118
24.881375029
25.841892787
24.681558037
25.541515610
25.166067034
25.858659496
24.666559868
25.036077148
25.609794327
25.333259714
24.965391260
24.959044547
25.211216304
26.096968772
25.273042947
24.755563025
25.127478379
25.245370610
26.204841506
24.573050897
25.807570071
24.789087388
24.905916828
25.460843445
24.888888854
24.783851008
25.597244945
25.091398374
25.701858876
24.654987736
25.621750791
24.112126713
25.277199216
25.301913936
25.574490802
24.816265256
24.707560673
25.404807516
25.168148532
25.865910791
24.917357053
24.547591283
25.267177440
25.191421916
24.948038894
24.839655782
24.180616720
25.171003489
25.005942213
24.924388165
24.923536317
25.808440932
24.715071984
25.532184474
25.906824507
24.870576804
25.987220599
25.592161178
24.967275184
25.244702464
25.326473459
24.336240205
24.653724642
24.713726601
25.926932677
24.926554234
24.732712527
24.259287663
25.574729906
24.721944262
25.114034776
25.228794891
24.717611058
25.589841170
24.505864587
25.136407590
24.971889966
24.974656105
25.924546808
25.899806127
24.708922076
25.814564951
24.857880067
25.007649808
25.051486024
24.939444496
25.074291096
24.453476501
24.971245938
25.277175781
24.947919376
24.536236512
25.428491556
24.874579834
25.715382254
24.448016748
25.038844460
25.380824289
25.429790507
25.970616345
25.863907471
25.546161474
26.202296631
24.661970620
24.804138184
25.316107821
25.659452298
25.291437249
24.860082675
24.581578495
25.279525500
25.392114884
25.109741986
25.778464390
24.255700540
25.150835096
25.724941430
24.672236285
25.052627615
24.771728071
25.353057662
25.041318377
24.663796868
25.304443482
26.275607068
25.227318075
25.391386139
24.731857989
25.806858714
25.685576017
25.780564617
24.233011899
25.296054671
24.798814409
25.603784198
24.949764069
25.174845146
25.127001782
25.192066366
24.937833145
24.323325140
24.684201833
25.524900872
24.189195118
25.620106087
24.497776199
25.982494399
26.046904217
25.844806735
24.984796906
26.060323468
24.999378296
25.835633544
24.548530589
25.941182976
25.230331983
24.720931623
24.185036550
25.803000813
24.564754212
25.435047805
25.050334108
24.933691837
25.154332606
25.167074476
24.612377341
24.902568131
24.466051559
25.199704501
24.584729253
25.550534442
25.096809810
25.707869119
25.466303898
24.733865906
25.449556572
25.590354676
24.738574312
24.916170491
25.028108556
26.221553878
24.828753643
24.865677868
25.115820723
24.777846871
25.415706880
24.641061461
25.778712028
25.187769005
24.943199815
24.677423105
24.683507886
25.289932034
25.098221153
24.922872790
24.838312136
25.076046829
25.852311781
24.842830255
25.960398879
25.219446943
24.835121087
25.181596974
25.785397417
25.642245447
24.963573965
25.586487179
25.388099499
24.924212925
24.745487122
24.663481441
24.938050200
25.187650550
25.292424284
24.957852139
24.289122556
25.701287296
24.541695316
26.099647421
24.454917433
25.842908451
25.943858650
26.825987750
25.148505907
25.196984158
26.083179907
26.034143184
25.516705475
25.246963158
24.643288394
25.298036532
25.308312077
25.765733036
24.884854073
25.089346741
24.558805838
25.132410509
25.465837881
25.312086678
25.269399922
24.599841463
24.941143366
25.457276394
25.458305503
25.226390068
25.140505277
25.587132993
25.834476576
25.228725718
24.952168035
25.170472487
25.518642981
24.646989916
24.841439773
25.715915161
24.816748999
25.173569342
24.608229722
24.658383717
24.582326393
25.002048479
25.152828523
24.718935965
24.582822059
25.102710609
24.637118408
25.214153098
26.019594304
24.990778331
24.888806679
25.326789924
25.272742528
24.723414941
25.787557062
24.859050743
25.951142329
25.036313746
24.948907563
24.453018781
25.021719293
25.550556527
25.208220290
24.741045154
24.332270061
25.091967580
25.049786935
25.407392115
24.676529381
24.454725213
25.224741849
25.168588533
24.454849633
25.549049250
25.465843375
25.180089318
24.735680711
24.947788179
25.603255091
24.900303882
25.725984356
25.330220743
24.774509583
24.945270244
24.395122337
25.364983619
24.803974730
25.110530849
25.004063385
25.396230725
25.187693295
24.149612018
25.063111994
25.285404768
24.273238883
25.761094798
24.920771825
26.004514204
25.263646965
25.154990917
24.299872232
24.961326126
25.272988700
24.701789288
24.692216198
25.628136924
25.383400494
24.822597134
25.121946939
24.918792530
25.157273612
24.658221538
25.374197440
25.606573807
25.121615299
25.319310036
24.905682779
25.739647406
24.619723081
25.543071324
24.764370982
25.424456247
25.183598473
25.857888696
24.590820637
25.339879436
24.909708068
24.322154824
25.421506308
24.485405942
25.236419688
25.316276980
25.128716651
24.835282470
25.258683280
24.966407655
24.477771096
25.382985495
25.248298034
25.294728096
24.802558841
24.996733336
24.675125163
25.223768033
25.067329405
25.741161497
25.483034685
25.865574514
25.009997205
24.532405702
25.851989506
24.236569493
25.490542103
24.689200535
24.920590563
25.204068181
24.533278637
24.540470615
25.747583565
25.107566810
24.462785718
25.330446757
24.348757115
24.872825885
24.978539276
25.204475614
25.599558468
25.516486349
25.826813148
26.314742006
25.005886314
25.759820091
24.514696260
24.954194202
25.701142777
24.956030804
24.740377117
24.458554767
26.043313881
24.256060345
24.455631252
25.386333595
24.930066458
24.300467775
25.010463104
24.558839802
24.721025329
25.701132872
25.005737165
24.971366999
25.995395756
24.798853483
25.615444331
25.368367177
24.907903495
25.797014363
25.167436969
25.769085808
24.890394870
25.568710108
25.693031874
25.466355646
25.263533542
24.460322133
24.433196110
25.473674861
24.792899047
25.915445992
25.242360981
25.801180926
24.869046144
25.011297885
25.044226416
25.155357748
25.506666724
25.022967528
24.535472847
25.166273318
25.373502255
25.586354306
25.067879586
25.265538097
24.683502941
25.180250906
24.362053160
25.206002911
25.232505987
25.378768956
24.840705554
25.086084466
24.776756371
25.522920753
25.167247338
25.392793341
24.575549299
24.563315460
24.933711387
24.966125714
25.558557865
26.878751267
25.168346541
25.553052146
25.315101730
25.636559702
25.517133483
25.084296580
24.374191378
24.899087765
25.445076323
25.275389748
25.261718361
25.399570364
25.438243628
24.532840665
25.408542020
24.925463929
25.542971040
25.606504783
25.324848913
26.233223577
25.607734180
25.070774502
25.462209634
26.576506312
24.678531396
25.635216413
25.944629528
25.062291272
26.291642762
26.058949442
25.485010631
26.422456535
25.199096020
25.548849273
26.441683218
25.176351041
25.040221319
24.523371748
25.499232575
25.265652184
25.151900596
25.004302100
24.991186115
25.641646193
24.192093829
25.444455755
24.225781617
27.039976970
26.072812162
24.986412509
25.820610202
25.507899251
25.048139309
24.870580617
25.142177915
24.781659033
25.347693695
25.503244166
25.081545335
24.958502350
24.689218110
24.216773196
25.952974308
25.240756737
25.207712176
24.853330735
24.831479503
25.178466356
25.598442963
25.590541717
25.186875123
24.993371608
24.582319501
25.208347833
25.153709775
24.727962324
24.636266619
24.879852298
24.710527414
25.003491109
25.416363355
24.961241907
24.769310864
24.741849788
24.882633357
24.916025907
25.156857022
24.499007607
24.407804889
25.251341025
24.740837638
25.806097841
25.107872417
26.057616634
26.194368685
25.087167121
24.939327440
25.425687744
26.644453876
24.810981397
25.670453898
25.123960917
25.200170871
24.782125477
25.467668959
25.077108360
25.463501285
24.916598788
25.221647476
25.503787158
25.667746989
24.986561782
25.146051558
24.987192028
25.783014770
24.928893121
24.997826339
25.832714638
26.095671433
25.471158743
24.533252820
25.223108846
25.324054483
24.881089490
25.482818579
24.881657115
24.416342719
25.323547146
25.195086850
25.127804641
24.780968040
25.594355423
24.449897931
25.093167731
24.934505814
24.973665263
24.791576496
24.649260835
24.524783068
24.888074090
25.104236620
25.819659680
26.976920496
25.113434285
24.701724988
25.783005423
25.076681941
24.854511750
24.709437580
25.013390058
25.133416110
25.413362250
24.460255767
24.966980040
24.781858218
24.807931240
25.271275244
25.652608943
25.106671403
24.623924288
25.972529588
25.575058630
26.296608708
25.102920404
25.777485669
24.872535503
25.733337781
25.623805031
25.514579519
25.719736254
25.715091962
26.023484996
25.798116589
25.526121672
24.875163130
25.130114828
24.897137198
25.784195030
25.301300360
25.429300722
24.240721932
25.544589638
25.169070752
25.440324716
25.143676866
25.319991035
24.927725639
25.236713578
25.740298918
25.774448750
26.469276532
26.060445747
25.916070885
26.356694772
25.582511390
25.388889608
25.238621017
24.423410586
26.098480691
25.859437200
26.049980564
25.314302411
25.462069431
25.266851171
24.960254555
25.532804407
25.464011799
25.283805054
24.833165005
25.655254818
24.793486459
25.322896130
25.457090056
26.341861515
25.943374344
24.471388412
25.649675440
25.298671981
24.574270898
25.522308959
25.538399809
25.816468356
24.636274597
25.564083480
24.760127581
24.985158593
25.591360131
24.123695492
25.053417833
24.815140712
25.722061996
25.179727400
25.016812332
25.322985450
24.874549600
25.628742119
24.215883151
26.018115150
25.830564108
25.049720730
25.361886686
24.569917291
25.546174145
25.209264317
25.120292241
24.863048640
24.775286805
24.589611514
25.653150723
24.753530973
25.248962091
24.950709078
24.991762868
24.511422543
25.435154738
24.482151508
24.792552277
25.440651088
25.015167430
25.282578464
24.143724636
24.631032961
25.731506975
24.974687085
25.821518357
24.929411000
25.523200492
24.993618705
24.269106220
25.717363200
24.583193109
25.366330428
25.021422304
25.146759878
25.704060011
25.133556035
24.951820828
25.051870748
25.470673172
25.245099779
24.333965716
25.899077647
25.606210143
25.039125315
25.092160771
25.282906297
25.158038731
26.317151423
24.649888280
24.820976615
24.973118747
25.002789927
24.158042020
24.631727122
24.527933865
25.010469085
25.142042673
25.293757138
25.278730850
24.948348885
25.167074557
24.646465156
24.276284994
25.248242000
24.441174082
25.740930428
24.524501416
26.108041083
25.002905804
24.439243280
25.266929696
26.024484497
25.041474052
25.806716972
25.006964408
25.092314094
25.176239911
25.638765267
24.700136665
24.873540169
126.209901918
122.755129507
123.110809739
122.481458899
122.583186017
122.675806418
120.688931741
126.340674246
121.973015655
120.707944054
123.248636987
121.013108801
124.607191520
122.120743048
124.637948721
124.015336006
125.575413886
122.414637194
123.027196981
121.177155384
124.110301480
121.337612605
122.886721329
120.608229820
123.536923900
121.386962921
124.839522419
122.775722486
123.256618321
121.672550190
124.505440902
122.547839630
125.171515955
122.075380791
125.212490619
120.812552773
123.840491432
122.589999421
120.967726870
121.501312689
122.539818493
123.721964001
121.189369900
121.305665429
121.382083922
121.292497849
122.094999947
122.543305040
122.899320209
122.755389785
123.613862001
122.559293486
120.467790025
123.117894946
123.075953522
122.841695856
124.637527509
124.634027773
122.967199330
123.051639566
124.216061153
125.693458980
124.349140662
124.241680027
122.249663642
124.221779030
123.431166422
123.540473467
123.534529444
123.624432876
124.290142854
124.511829110
121.783431717
122.226698062
121.865755816
122.570599993
123.216120644
122.220034256
124.696256901
122.181901574
123.938187771
124.019581196
121.985502098
122.160844565
121.496550599
125.289133936
123.862945858
121.616737772
122.083926759
122.503093428
125.466900700
120.571588610
122.321540589
118.876875583
122.400262428
125.629679038
121.726767821
121.338140392
119.877666030
118.148270622
121.459885567
120.816208529
120.469254864
120.843024173
122.029594879
124.059917102
123.714561972
122.592770127
122.216389816
122.265215885
123.930622409
121.032367293
122.746476846
121.137069237
120.962341851
124.695026636
120.269003613
120.144098096
122.112781536
121.686665981
121.153622677
120.998358492
120.520234807
121.329332215
121.701852849
123.221895358
121.066804767
122.299279264
121.193791699
121.402879884
122.803894697
121.767513843
122.066334214
120.611506012
122.753768530
121.865388489
119.356154580
120.350905172
119.858814004
122.646436795
121.547867943
119.469759775
121.257989784
121.766009357
123.835812689
124.350306558
120.158535762
120.618300955
121.482996011
122.483770947
122.392171191
119.943114751
122.562062176
119.056571156
121.599375522
121.622770774
122.359100329
119.457628192
120.979409456
123.281920423
122.854606258
121.801904677
122.051545945
119.828278989
123.117589069
121.518835163
120.135404892
121.844785783
120.754642426
124.012262501
120.866049759
123.695801368
120.556103150
122.479267783
121.176878446
121.696721405
122.603854089
121.379915490
121.306560336
122.013536547
120.028883040
122.165252671
119.828045170
120.631750049
123.325001871
119.942643768
121.671271272
120.939863292
121.621992263
120.727635436
119.928623415
120.354535952
120.876430555
120.227862693
123.200990435
121.183242349
120.084681955
120.729701822
122.159017710
121.806773017
120.707169893
120.752417361
121.188264456
119.843153857
122.061570941
121.570756831
119.958855459
120.550433786
118.634115173
121.266859551
120.241911499
119.124422635
120.197057037
121.257019414
120.892736106
120.936694592
119.793345665
120.969069154
122.360379184
121.633375532
121.038766463
122.434643696
121.719451280
122.673331756
120.486753566
120.683394345
122.388256788
121.319416792
122.413979306
121.591001027
122.157007893
120.628587138
121.281697452
123.205850377
122.757374261
121.469043376
118.930804803
120.815528569
122.492488825
121.135930273
120.262999050
122.291341990
122.094254449
122.197418271
121.535937718
119.954086935
121.603546363
122.454110701
122.340534905
120.972018537
121.936279429
120.242447149
120.874591753
122.993790381
122.300373342
124.450992443
121.206030240
121.241602437
122.697911419
122.647124443
120.139365939
121.016843317
121.451388377
123.425501978
124.150959974
119.662690713
121.269229517
122.974072599
123.048026287
121.768512422
121.218577720
122.059752196
121.324961320
122.508136619
121.841677273
120.980976723
120.545272076
122.306952945
122.031358007
121.197112381
119.502561132
121.406497104
120.893736914
124.404456152
121.035212930
120.392348499
121.352406857
122.070848268
122.461975232
120.134392993
120.275512719
123.737580329
122.696514677
123.058805418
122.384888027
119.201191909
121.764215447
121.384677970
122.775658148
120.360271400
122.461088309
122.538933834
123.075170747
122.898683369
121.596570622
121.367863799
119.271128139
122.564990658
121.397769817
121.421669827
119.934053543
122.172659421
122.982313103
121.494491262
119.286031599
118.958457961
120.621018555
122.599760716
121.376926804
121.052175395
122.206595322
122.583545599
122.797818929
121.973654592
121.234755864
121.070653932
119.692087783
121.436523957
121.136985062
121.092849411
122.373832014
119.589999160
124.133866304
119.770467629
121.118225481
120.791565374
120.777063230
121.527818256
121.192442665
122.312637289
120.593304733
121.603701468
125.883566155
123.604301279
121.966483231
119.454020242
122.492776090
121.433258218
121.997682590
121.760588284
121.750289153
121.683009088
122.784243309
125.652948164
120.861617409
120.150098296
123.782525077
123.313637787
121.643965924
121.145627133
119.804605902
122.022502337
121.885854723
121.547354909
120.784868463
120.579486276
121.850345081
122.499509650
120.175523757
121.912392624
122.394957954
121.861867442
122.097837238
122.360339113
120.901338526
122.513517284
121.424686865
122.467862560
120.340330967
120.742492320
120.496676525
121.955145422
123.235123059
120.476114155
120.277036110
122.435685554
121.830271904
121.660126837
122.384165298
121.610502746
122.300665325
121.352152565
120.705075251
119.959469394
120.259615598
121.208071130
121.169260849
121.526532041
120.541169449
119.071438039
120.849839096
122.623456233
121.502213141
120.011837249
121.373741224
120.825781038
122.203959727
121.265782924
121.920709832
121.330491387
122.729246621
122.055093160
124.174608505
120.962693772
120.077700123
122.508885942
122.772913207
120.410277772
120.221495464
120.848027027
120.183299851
119.709952065
118.775652775
120.527226914
120.816321667
122.115358362
119.986831632
120.298022328
120.087614026
120.729333247
119.828887350
122.631005025
120.863967741
120.026531141
121.689062779
120.802371133
122.690963912
117.809772427
121.975251187
120.272496584
119.640826153
121.500544726
124.220711566
122.416464472
119.830797250
127.314823630
120.655134466
120.846802327
122.137919568
120.327350146
123.463211253
119.970037246
121.341902393
120.644699199
120.200451726
121.379146406
153.988453524
120.866644479
120.816581909
119.847989615
124.050977940
122.684776053
121.403046328
122.372903531
121.786069840
123.004727924
121.966565329
122.412504188
121.348290045
123.394007651
124.746164965
123.898554824
121.671978753
121.031701582
122.549298991
121.210338359
118.465109247
120.593226063
120.139300821
120.951161172
121.877060113
122.450712071
122.685442691
121.301288811
121.322170024
124.053379359
121.475806884
122.693647252
120.785384270
121.159704677
123.526900392
121.880368621
122.014496341
122.119207481
122.218939719
122.202751629
121.983567669
122.018700499
122.359463336
121.914803652
123.134050275
123.083439179
120.246943270
121.600704229
122.433288923
123.147731534
122.199879826
121.582624262
120.714573297
122.746453887
123.131969208
122.055746835
120.086662764
121.049197894
122.294670201
121.159398839
121.893296977
122.507300742
121.934327327
123.056220434
120.492136414
122.490322860
122.161813761
122.249657451
122.214397296
120.818619779
122.218998116
121.282255470
122.938734298
121.293145300
122.151749841
122.802369455
122.146650487
120.428229060
122.055083408
121.058359458
121.824237744
120.787283463
122.085232002
123.330290414
122.743303757
119.985786340
121.904323198
121.076780096
123.027014300
121.787666121
121.197458746
121.873353267
122.281081885
122.118609612
120.870855810
121.701844078
121.417661504
121.311079973
122.306829210
120.368458085
120.726509610
120.843565875
122.939026330
123.197421993
121.966251086
118.594507832
120.944269459
121.026660497
123.512766322
121.238879020
120.912012264
122.274504215
122.729495285
122.302949589
121.480301893
120.564468578
119.517194576
123.068455179
120.915677763
120.467125007
121.486132193
120.285765016
120.096010231
122.690652531
118.467795658
121.814420504
122.463794416
123.786101054
123.960302842
121.061940667
118.966067627
121.587822593
123.343440354
122.428780480
121.148794588
121.594498350
120.322450510
124.448319458
121.919653603
121.223720786
122.798733030
121.791946924
123.685905006
122.353988217
120.533765378
121.066618830
120.360539440
121.920151557
123.345499507
120.932391560
122.364369477
122.809553871
124.718754662
122.930914629
121.690799937
121.067660628
123.890637302
123.032523116
121.247818615
120.358941892
121.235282703
122.068913353
124.661971604
121.125698408
120.691080884
121.153585137
122.096091263
123.648331759
121.302909489
122.118947906
120.959968860
122.466744751
122.464750613
122.853521660
121.471434378
122.733483649
120.812564680
121.830922811
121.730475374
121.894006449
120.713552613
122.107042268
123.225482614
120.101197084
119.326587910
123.138453619
124.049810459
122.856504125
120.790582155
121.407880971
124.369478327
123.799168169
125.025075665
121.574680617
123.230870636
120.099783607
123.977911990
122.482459687
121.825655218
119.017156659
121.560567596
123.135430503
119.793601567
121.879234603
120.004892701
122.355471375
122.915513775
121.986969071
121.198193886
122.551866443
122.718908257
124.644510382
121.478161309
121.756686825
120.310022476
123.588745182
121.090935626
122.211684849
120.962193879
122.248025939
122.585797060
121.198977995
123.263528915
120.067705555
119.718179357
121.534379425
123.135325315
119.744668775
121.696320580
120.904465422
123.637054858
123.148110562
123.857381836
122.177093334
121.659688645
121.683658127
122.176077817
120.711796797
121.211624522
121.211989224
122.377920682
122.319191272
121.075193268
120.143963028
122.132720940
122.263226389
120.856397943
123.903109509
119.984512028
123.836884842
121.852397952
123.080636583
124.315890590
120.932065096
120.818029769
122.701720662
123.061750318
120.829510332
120.650644665
121.603454583
122.862469596
123.416555502
121.605400853
121.582064627
120.306173372
120.521721086
120.014452361
120.385115518
121.093918898
121.723740667
122.538407109
121.215606454
121.977727787
119.653620525
121.518195142
122.684939072
120.863114217
121.494082145
121.475761302
123.222048186
121.946950530
125.189642733
124.224807189
123.430406072
122.116684270
123.083060639
120.909768718
121.554700507
121.575394910
123.372216803
124.474696042
121.402295829
121.186377196
122.465361237
123.601693046
123.913050021
122.413925190
121.678207584
121.563744471
122.784701667
124.521999833
122.101331893
122.914642040
122.085344537
125.035230419
125.490326558
123.599676169
121.335904128
123.809656794
122.545321408
124.431850463
122.320938608
123.098198015
120.680238745
123.634018255
122.194071410
120.180494857
120.827978104
121.227683815
123.501233968
121.375796059
122.845955975
121.986983856
122.332778435
124.093642254
122.126389178
122.037601665
120.898763036
122.837502139
124.986727926
121.666121221
122.947864740
123.397210128
124.464238840
122.981718029
122.571188753
122.279407159
122.910843823
123.464738539
124.381906984
123.580225545
122.298135296
122.030156666
121.159897058
123.250873555
120.922234411
124.214800258
122.350874106
123.719348473
123.233633440
122.569107441
121.362157038
120.784611573
124.245213879
123.398688715
122.136287687
122.226680802
119.501480900
123.215393357
120.714595493
123.350205463
122.709595580
120.717304592
122.741945199
122.296865394
121.134022506
123.469854824
124.051078927
122.775497281
123.816541868
122.124576735
122.238620444
123.314946262
123.100500009
121.200704409
120.354721343
119.733587971
122.042755521
121.966820920
121.831149262
122.648849216
121.461838096
121.624906440
124.482210051
123.282708327
121.936619898
122.392244229
123.954115770
124.248212562
122.702392980
121.611736447
120.837598210
122.748907152
122.770575192
122.386282952
121.729663464
121.966007677
121.084255682
122.418547312
123.117951363
121.211733537
118.772875708
124.284614459
121.493024969
121.519749260
120.957831815
123.605093306
123.421661621
122.247566981
119.747873845
122.663200889
121.798236563
122.797056898
121.502850102
121.327824905
121.187739900
122.053988485
123.158709303
122.856317979
120.230112109
121.485324592
122.802006988
124.799364352
121.691816201
121.342095097
121.644467168
122.878494768
123.810329829
122.367530510
123.879135814
121.345725401
122.588432353
122.785060737
121.208252619
122.910398259
122.811497259
122.190282280
122.303880892
121.810238369
121.601144016
123.508721681
122.658321525
122.043346349
123.510366864
121.109949881
122.646524545
123.518062488
124.042884514
121.904679363
121.907019592
123.094752150
122.817716980
123.687046644
121.530754533
120.875683048
122.212956035
124.551549688
122.145716444
120.072991052
120.638855676
121.461778846
123.525740162
123.582270514
120.607770582
121.615421514
121.832230044
124.929679336
122.189175601
123.734230324
122.252486146
120.888562395
124.418624354
121.265789094
122.104124517
120.563150140
121.879591819
122.317447405
122.895333846
121.717399742
122.235457703
122.765351007
123.883640862
123.726049325
123.782048543
123.469882489
122.331751906
124.140820981
122.854429637
122.627013783
124.303125988
123.784900557
120.991172831
123.205777549
122.253760798
124.141951454
122.476398368
122.487606253
123.278168068
124.003190721
123.381491753
123.347791520
123.610420355
123.923322887
123.867343555
123.178373349
124.128040188
123.739972453
123.342896199
122.880122487
122.501162160
121.843116642
123.422137869
123.627522639
122.278582282
121.156023740
122.443020670
122.788078723
120.272640076
122.003596307
123.206836153
124.183178183
123.149069329
122.146199209
123.232638746
122.308828561
124.039603986
121.951901012
120.821397179
121.318189487
121.109273832
121.516594304
120.669494754
122.040324420
121.172730983
123.907588606
122.656763875
122.551155202
121.598021789
122.953628536
122.867032122
122.081018274
120.315120750
123.001620734
121.463047830
